,date,open,high,low,close,volume,oi,rsi,CMO,tradingsymbol,instrument_type,strike,expiry,lot_size,name,Volume_20_sma,close 50 sma,OI_20_sma,Volume x times,OI_below_20_sma,OI_trend,volume_trend,price>50sma,volume_qualify,rsi_signal,CMO_signal,rsi_trend,greencandle,OI_change,OI_change_cum,new_date,typical price,v*p,cum v*p,cum v,vwap,price_minus_vwap,price_vs_vwap,price_away_vwap,qualify,OI_Value,OI_change_abs
1795,2022-07-01 09:15:00+05:30,1.3,1.3,1.3,1.3,0,0,58.75,39.99999999999997,NIFTY2270717150CE,CE,17150.0,2022-07-07,50,NIFTY,335.0,1.2480000000000002,15685.0,0.0,True,True,False,True,False,False,False,True,False,-17900.0,-300.0,2022-07-01,1,0,0,0,1.0,0.0,True,False,False,0.0,17900.0
1796,2022-07-01 09:16:00+05:30,1.25,1.4,1.1,1.2,3850,17950,49.0,16.666666666666636,NIFTY2270717150CE,CE,17150.0,2022-07-07,50,NIFTY,527.5,1.245,15822.5,7.3,False,False,True,False,False,False,False,False,False,17950.0,17650.0,2022-07-01,1,3850,3850,3850,1.0,0.0,True,False,False,22437.5,17950.0
1797,2022-07-01 09:17:00+05:30,1.2,1.2,1.2,1.2,100,17650,49.0,16.666666666666636,NIFTY2270717150CE,CE,17150.0,2022-07-07,50,NIFTY,532.5,1.242,15945.0,0.19,False,True,True,False,False,False,False,False,False,-300.0,17350.0,2022-07-01,1,100,3950,3950,1.0,0.0,True,False,False,21180.0,300.0
1798,2022-07-01 09:18:00+05:30,1.2,1.2,1.15,1.15,400,17650,44.7,0.0,NIFTY2270717150CE,CE,17150.0,2022-07-07,50,NIFTY,552.5,1.239,16067.5,0.72,False,False,True,False,False,False,False,False,False,0.0,17350.0,2022-07-01,1,400,4350,4350,1.0,0.0,True,False,False,20738.749999999996,0.0
1799,2022-07-01 09:19:00+05:30,1.15,1.15,1.15,1.15,800,17650,44.7,0.0,NIFTY2270717150CE,CE,17150.0,2022-07-07,50,NIFTY,592.5,1.236,16190.0,1.35,False,False,True,False,False,False,False,False,False,0.0,17350.0,2022-07-01,1,800,5150,5150,1.0,0.0,True,False,False,20297.5,0.0
1800,2022-07-01 09:20:00+05:30,1.15,1.15,1.15,1.15,650,17550,44.7,-50.0,NIFTY2270717150CE,CE,17150.0,2022-07-07,50,NIFTY,625.0,1.232,16307.5,1.04,False,True,True,False,False,False,False,False,False,-100.0,17250.0,2022-07-01,1,650,5800,5800,1.0,0.0,True,False,False,20182.5,100.0
1801,2022-07-01 09:21:00+05:30,1.15,1.15,1.15,1.15,0,17550,44.7,-33.33333333333333,NIFTY2270717150CE,CE,17150.0,2022-07-07,50,NIFTY,625.0,1.2280000000000002,16425.0,0.0,False,False,False,False,False,False,False,False,False,0.0,17250.0,2022-07-01,1,0,5800,5800,1.0,0.0,True,False,False,20182.5,0.0
1802,2022-07-01 09:22:00+05:30,1.15,1.2,1.15,1.15,150,17550,44.7,-20.0,NIFTY2270717150CE,CE,17150.0,2022-07-07,50,NIFTY,632.5,1.224,16542.5,0.24,False,False,True,False,False,False,False,False,False,0.0,17250.0,2022-07-01,1,150,5950,5950,1.0,0.0,True,False,False,20621.249999999996,0.0
1803,2022-07-01 09:23:00+05:30,1.15,1.15,1.15,1.15,0,17550,44.7,-100.0,NIFTY2270717150CE,CE,17150.0,2022-07-07,50,NIFTY,627.5,1.22,16665.0,0.0,False,False,False,False,False,False,False,False,False,0.0,17250.0,2022-07-01,1,0,5950,5950,1.0,0.0,True,False,False,20182.5,0.0
1804,2022-07-01 09:24:00+05:30,1.15,1.15,1.15,1.15,0,17550,44.7,-100.0,NIFTY2270717150CE,CE,17150.0,2022-07-07,50,NIFTY,485.0,1.216,16787.5,0.0,False,False,False,False,False,False,False,False,False,0.0,17250.0,2022-07-01,1,0,5950,5950,1.0,0.0,True,False,False,20182.5,0.0
1805,2022-07-01 09:25:00+05:30,1.15,1.15,1.15,1.15,0,17550,44.7,-100.0,NIFTY2270717150CE,CE,17150.0,2022-07-07,50,NIFTY,480.0,1.213,16910.0,0.0,False,False,False,False,False,False,False,False,False,0.0,17250.0,2022-07-01,1,0,5950,5950,1.0,0.0,True,False,False,20182.5,0.0
1806,2022-07-01 09:26:00+05:30,1.15,1.15,1.15,1.15,0,17550,44.7,,NIFTY2270717150CE,CE,17150.0,2022-07-07,50,NIFTY,460.0,1.21,16885.0,0.0,False,False,False,False,False,False,False,False,False,0.0,17250.0,2022-07-01,1,0,5950,5950,1.0,0.0,True,False,False,20182.5,0.0
1807,2022-07-01 09:27:00+05:30,1.15,1.15,1.15,1.15,150,17550,44.7,,NIFTY2270717150CE,CE,17150.0,2022-07-07,50,NIFTY,465.0,1.207,16860.0,0.32,False,False,True,False,False,False,False,False,False,0.0,17250.0,2022-07-01,1,150,6100,6100,1.0,0.0,True,False,False,20182.5,0.0
1808,2022-07-01 09:28:00+05:30,1.15,1.15,1.1,1.15,250,17550,44.7,,NIFTY2270717150CE,CE,17150.0,2022-07-07,50,NIFTY,477.5,1.204,16835.0,0.52,False,False,True,False,False,False,False,False,False,0.0,17250.0,2022-07-01,1,250,6350,6350,1.0,0.0,True,False,False,19743.75,0.0
1809,2022-07-01 09:29:00+05:30,1.15,1.15,1.15,1.15,0,17550,44.7,,NIFTY2270717150CE,CE,17150.0,2022-07-07,50,NIFTY,477.5,1.202,16810.0,0.0,False,False,False,False,False,False,False,False,False,0.0,17250.0,2022-07-01,1,0,6350,6350,1.0,0.0,True,False,False,20182.5,0.0
1810,2022-07-01 09:30:00+05:30,1.15,1.15,1.15,1.15,0,17550,44.7,,NIFTY2270717150CE,CE,17150.0,2022-07-07,50,NIFTY,472.5,1.2,16787.5,0.0,False,False,False,False,False,False,False,False,False,0.0,17250.0,2022-07-01,1,0,6350,6350,1.0,0.0,True,False,False,20182.5,0.0
1811,2022-07-01 09:31:00+05:30,1.15,1.15,1.1,1.1,100,17550,36.34,-100.0,NIFTY2270717150CE,CE,17150.0,2022-07-07,50,NIFTY,380.0,1.197,16765.0,0.26,False,False,False,False,False,False,False,False,False,0.0,17250.0,2022-07-01,1,100,6450,6450,1.0,0.0,True,False,False,19743.75,0.0
1812,2022-07-01 09:32:00+05:30,1.1,1.15,1.1,1.15,1300,17550,47.01,0.0,NIFTY2270717150CE,CE,17150.0,2022-07-07,50,NIFTY,395.0,1.195,16742.5,3.29,False,False,True,False,False,False,False,True,True,0.0,17250.0,2022-07-01,1,1300,7750,7750,1.0,0.0,True,False,False,19743.75,0.0
1813,2022-07-01 09:33:00+05:30,1.15,1.15,1.1,1.1,100,17550,39.82,-33.33333333333333,NIFTY2270717150CE,CE,17150.0,2022-07-07,50,NIFTY,395.0,1.192,16725.0,0.25,False,False,False,False,False,False,False,False,False,0.0,17250.0,2022-07-01,1,100,7850,7850,1.0,0.0,True,False,False,19743.75,0.0
1814,2022-07-01 09:34:00+05:30,1.1,1.15,1.1,1.1,100,17550,39.82,-33.33333333333333,NIFTY2270717150CE,CE,17150.0,2022-07-07,50,NIFTY,397.5,1.189,16707.5,0.25,False,False,True,False,False,False,False,False,False,0.0,17250.0,2022-07-01,1,100,7950,7950,1.0,0.0,True,False,False,19743.75,0.0
1815,2022-07-01 09:35:00+05:30,1.1,1.15,1.1,1.15,750,16750,48.89,0.0,NIFTY2270717150CE,CE,17150.0,2022-07-07,50,NIFTY,435.0,1.187,17545.0,1.72,True,True,True,False,False,False,False,True,True,-800.0,16450.0,2022-07-01,1,750,8700,8700,1.0,0.0,True,False,False,18843.75,800.0
1816,2022-07-01 09:36:00+05:30,1.15,1.15,1.15,1.15,1100,16750,48.89,0.0,NIFTY2270717150CE,CE,17150.0,2022-07-07,50,NIFTY,297.5,1.185,17485.0,3.7,True,False,False,False,False,False,False,False,False,0.0,16450.0,2022-07-01,1,1100,9800,9800,1.0,0.0,True,False,False,19262.5,0.0
1817,2022-07-01 09:37:00+05:30,1.15,1.25,1.15,1.2,8400,16750,56.49,20.00000000000007,NIFTY2270717150CE,CE,17150.0,2022-07-07,50,NIFTY,712.5,1.183,17440.0,11.79,True,False,True,True,False,False,False,True,True,0.0,16450.0,2022-07-01,1,8400,18200,18200,1.0,0.0,True,False,False,20100.0,0.0
1818,2022-07-01 09:38:00+05:30,1.2,1.25,1.15,1.15,1800,14500,48.69,0.0,NIFTY2270717150CE,CE,17150.0,2022-07-07,50,NIFTY,782.5,1.18,17282.5,2.3,True,True,True,False,False,False,False,False,False,-2250.0,14200.0,2022-07-01,1,1800,20000,20000,1.0,0.0,True,False,False,17400.0,2250.0
1819,2022-07-01 09:39:00+05:30,1.15,1.15,1.15,1.15,0,14500,48.69,19.999999999999964,NIFTY2270717150CE,CE,17150.0,2022-07-07,50,NIFTY,742.5,1.1769999999999998,17125.0,0.0,True,False,False,False,False,False,False,False,False,0.0,14200.0,2022-07-01,1,0,20000,20000,1.0,0.0,True,False,False,16675.0,0.0
1820,2022-07-01 09:40:00+05:30,1.15,1.15,1.15,1.15,0,14500,48.69,0.0,NIFTY2270717150CE,CE,17150.0,2022-07-07,50,NIFTY,710.0,1.176,16972.5,0.0,True,False,False,False,False,False,False,False,False,0.0,14200.0,2022-07-01,1,0,20000,20000,1.0,0.0,True,False,False,16675.0,0.0
1821,2022-07-01 09:41:00+05:30,1.15,1.2,1.15,1.2,2150,14750,56.24,49.99999999999994,NIFTY2270717150CE,CE,17150.0,2022-07-07,50,NIFTY,817.5,1.176,16832.5,2.63,True,False,True,True,False,False,False,True,True,250.0,14450.0,2022-07-01,1,2150,22150,22150,1.0,0.0,True,False,False,17331.249999999996,250.0
1822,2022-07-01 09:42:00+05:30,1.2,1.3,1.15,1.3,5500,14750,66.76,66.66666666666664,NIFTY2270717150CE,CE,17150.0,2022-07-07,50,NIFTY,1085.0,1.178,16692.5,5.07,True,False,True,True,False,False,True,True,True,0.0,14450.0,2022-07-01,1,5500,27650,27650,1.0,0.0,True,False,False,18068.75,0.0
1823,2022-07-01 09:43:00+05:30,1.3,1.3,1.3,1.3,0,14750,66.76,60.0,NIFTY2270717150CE,CE,17150.0,2022-07-07,50,NIFTY,1085.0,1.179,16552.5,0.0,True,False,False,True,False,False,True,False,False,0.0,14450.0,2022-07-01,1,0,27650,27650,1.0,0.0,True,False,False,19175.0,0.0
1824,2022-07-01 09:44:00+05:30,1.3,1.3,1.25,1.3,1550,20450,66.76,60.0,NIFTY2270717150CE,CE,17150.0,2022-07-07,50,NIFTY,1162.5,1.18,16697.5,1.33,False,False,True,True,False,False,True,False,False,5700.0,20150.0,2022-07-01,1,1550,29200,29200,1.0,0.0,True,False,False,26073.75,5700.0
1825,2022-07-01 09:45:00+05:30,1.3,1.3,1.25,1.3,1250,20450,66.76,50.0,NIFTY2270717150CE,CE,17150.0,2022-07-07,50,NIFTY,1225.0,1.181,16842.5,1.02,False,False,True,True,False,False,True,False,False,0.0,20150.0,2022-07-01,1,1250,30450,30450,1.0,0.0,True,False,False,26073.75,0.0
1826,2022-07-01 09:46:00+05:30,1.3,1.3,1.2,1.25,250,20450,57.47,50.0,NIFTY2270717150CE,CE,17150.0,2022-07-07,50,NIFTY,1237.5,1.181,16987.5,0.2,False,False,True,True,False,False,True,False,False,0.0,20150.0,2022-07-01,1,250,30700,30700,1.0,0.0,True,False,False,25562.5,0.0
1827,2022-07-01 09:47:00+05:30,1.25,1.25,1.2,1.2,100,22450,49.97,20.0,NIFTY2270717150CE,CE,17150.0,2022-07-07,50,NIFTY,1235.0,1.18,17232.5,0.08,False,False,False,True,False,False,False,False,False,2000.0,22150.0,2022-07-01,1,100,30800,30800,1.0,0.0,True,False,False,27501.250000000004,2000.0
1828,2022-07-01 09:48:00+05:30,1.2,1.25,1.2,1.25,1200,22450,56.13,33.33333333333333,NIFTY2270717150CE,CE,17150.0,2022-07-07,50,NIFTY,1282.5,1.18,17477.5,0.94,False,False,True,True,False,False,False,True,True,0.0,22150.0,2022-07-01,1,1200,32000,32000,1.0,0.0,True,False,False,27501.250000000004,0.0
1829,2022-07-01 09:49:00+05:30,1.25,1.25,1.25,1.25,100,22450,56.13,20.0,NIFTY2270717150CE,CE,17150.0,2022-07-07,50,NIFTY,1287.5,1.18,17722.5,0.08,False,False,True,True,False,False,False,False,False,0.0,22150.0,2022-07-01,1,100,32100,32100,1.0,0.0,True,False,False,28062.5,0.0
1830,2022-07-01 09:50:00+05:30,1.25,1.25,1.25,1.25,150,23600,56.13,-33.33333333333333,NIFTY2270717150CE,CE,17150.0,2022-07-07,50,NIFTY,1295.0,1.18,18025.0,0.12,False,False,True,True,False,False,False,False,False,1150.0,23300.0,2022-07-01,1,150,32250,32250,1.0,0.0,True,False,False,29500.0,1150.0
1831,2022-07-01 09:51:00+05:30,1.25,1.25,1.25,1.25,200,23600,56.13,-33.33333333333333,NIFTY2270717150CE,CE,17150.0,2022-07-07,50,NIFTY,1300.0,1.18,18327.5,0.15,False,False,True,True,False,False,False,False,False,0.0,23300.0,2022-07-01,1,200,32450,32450,1.0,0.0,True,False,False,29500.0,0.0
1832,2022-07-01 09:52:00+05:30,1.25,1.25,1.25,1.25,400,23600,56.13,-33.33333333333333,NIFTY2270717150CE,CE,17150.0,2022-07-07,50,NIFTY,1255.0,1.18,18630.0,0.32,False,False,False,True,False,False,False,False,False,0.0,23300.0,2022-07-01,1,400,32850,32850,1.0,0.0,True,False,False,29500.0,0.0
1833,2022-07-01 09:53:00+05:30,1.25,1.25,1.25,1.25,50,23600,56.13,-33.33333333333333,NIFTY2270717150CE,CE,17150.0,2022-07-07,50,NIFTY,1252.5,1.182,18932.5,0.04,False,False,False,True,False,False,False,False,False,0.0,23300.0,2022-07-01,1,50,32900,32900,1.0,0.0,True,False,False,29500.0,0.0
1834,2022-07-01 09:54:00+05:30,1.25,1.25,1.25,1.25,50,24050,56.13,0.0,NIFTY2270717150CE,CE,17150.0,2022-07-07,50,NIFTY,1250.0,1.185,19257.5,0.04,False,False,False,True,False,False,False,False,False,450.0,23750.0,2022-07-01,1,50,32950,32950,1.0,0.0,True,False,False,30062.5,450.0
1835,2022-07-01 09:55:00+05:30,1.25,1.25,1.25,1.25,0,24050,56.13,100.0,NIFTY2270717150CE,CE,17150.0,2022-07-07,50,NIFTY,1212.5,1.188,19622.5,0.0,False,False,False,True,False,False,True,False,False,0.0,23750.0,2022-07-01,1,0,32950,32950,1.0,0.0,True,False,False,30062.5,0.0
1836,2022-07-01 09:56:00+05:30,1.25,1.25,1.2,1.25,150,24100,56.13,,NIFTY2270717150CE,CE,17150.0,2022-07-07,50,NIFTY,1165.0,1.1909999999999998,19990.0,0.13,False,False,False,True,False,False,False,False,False,50.0,23800.0,2022-07-01,1,150,33100,33100,1.0,0.0,True,False,False,29522.500000000004,50.0
1837,2022-07-01 09:57:00+05:30,1.25,1.25,1.25,1.25,100,24100,56.13,,NIFTY2270717150CE,CE,17150.0,2022-07-07,50,NIFTY,750.0,1.194,20357.5,0.13,False,False,False,True,False,False,False,False,False,0.0,23800.0,2022-07-01,1,100,33200,33200,1.0,0.0,True,False,False,30125.0,0.0
1838,2022-07-01 09:58:00+05:30,1.25,1.25,1.2,1.2,750,24100,44.61,-100.0,NIFTY2270717150CE,CE,17150.0,2022-07-07,50,NIFTY,697.5,1.196,20837.5,1.08,False,False,False,True,False,False,False,False,False,0.0,23800.0,2022-07-01,1,750,33950,33950,1.0,0.0,True,False,False,29522.500000000004,0.0
1839,2022-07-01 09:59:00+05:30,1.2,1.2,1.2,1.2,0,24100,44.61,-100.0,NIFTY2270717150CE,CE,17150.0,2022-07-07,50,NIFTY,697.5,1.198,21317.5,0.0,False,False,False,True,False,False,False,False,False,0.0,23800.0,2022-07-01,1,0,33950,33950,1.0,0.0,True,False,False,28920.0,0.0
1840,2022-07-01 10:00:00+05:30,1.2,1.2,1.2,1.2,0,24100,44.61,-100.0,NIFTY2270717150CE,CE,17150.0,2022-07-07,50,NIFTY,697.5,1.1989999999999998,21797.5,0.0,False,False,False,True,False,False,False,False,False,0.0,23800.0,2022-07-01,1,0,33950,33950,1.0,0.0,True,False,False,28920.0,0.0
1841,2022-07-01 10:01:00+05:30,1.2,1.2,1.15,1.15,100,24250,35.5,-100.0,NIFTY2270717150CE,CE,17150.0,2022-07-07,50,NIFTY,595.0,1.1989999999999998,22272.5,0.17,False,False,False,False,False,False,False,False,False,150.0,23950.0,2022-07-01,1,100,34050,34050,1.0,0.0,True,False,False,28493.749999999996,150.0
1842,2022-07-01 10:02:00+05:30,1.15,1.15,1.15,1.15,0,24250,35.5,-100.0,NIFTY2270717150CE,CE,17150.0,2022-07-07,50,NIFTY,320.0,1.1949999999999998,22747.5,0.0,False,False,False,False,False,False,False,False,False,0.0,23950.0,2022-07-01,1,0,34050,34050,1.0,0.0,True,False,False,27887.499999999996,0.0
1843,2022-07-01 10:03:00+05:30,1.15,1.2,1.15,1.2,50,24250,47.85,-33.33333333333333,NIFTY2270717150CE,CE,17150.0,2022-07-07,50,NIFTY,322.5,1.194,23222.5,0.16,False,False,True,True,False,False,False,True,True,0.0,23950.0,2022-07-01,1,50,34100,34100,1.0,0.0,True,False,False,28493.749999999996,0.0
1844,2022-07-01 10:04:00+05:30,1.2,1.2,1.2,1.2,0,24250,47.85,-33.33333333333333,NIFTY2270717150CE,CE,17150.0,2022-07-07,50,NIFTY,245.0,1.194,23412.5,0.0,False,False,False,True,False,False,False,False,False,0.0,23950.0,2022-07-01,1,0,34100,34100,1.0,0.0,True,False,False,29100.0,0.0
1845,2022-07-01 10:05:00+05:30,1.2,1.2,1.2,1.2,0,24250,47.85,-33.33333333333333,NIFTY2270717150CE,CE,17150.0,2022-07-07,50,NIFTY,182.5,1.192,23602.5,0.0,False,False,False,True,False,False,False,False,False,0.0,23950.0,2022-07-01,1,0,34100,34100,1.0,0.0,True,False,False,29100.0,0.0
1846,2022-07-01 10:06:00+05:30,1.2,1.2,1.2,1.2,50,24300,47.85,0.0,NIFTY2270717150CE,CE,17150.0,2022-07-07,50,NIFTY,172.5,1.192,23795.0,0.29,False,False,False,True,False,False,False,False,False,50.0,24000.0,2022-07-01,1,50,34150,34150,1.0,0.0,True,False,False,29160.0,50.0
1847,2022-07-01 10:07:00+05:30,1.2,1.2,1.15,1.2,200,24300,47.85,0.0,NIFTY2270717150CE,CE,17150.0,2022-07-07,50,NIFTY,177.5,1.192,23887.5,1.13,False,False,True,True,False,False,False,False,False,0.0,24000.0,2022-07-01,1,200,34350,34350,1.0,0.0,True,False,False,28552.499999999996,0.0
1848,2022-07-01 10:08:00+05:30,1.2,1.2,1.15,1.15,50,24300,37.46,-33.33333333333333,NIFTY2270717150CE,CE,17150.0,2022-07-07,50,NIFTY,120.0,1.192,23980.0,0.42,False,False,False,False,False,False,False,False,False,0.0,24000.0,2022-07-01,1,50,34400,34400,1.0,0.0,True,False,False,28552.499999999996,0.0
1849,2022-07-01 10:09:00+05:30,1.15,1.2,1.15,1.2,50,24350,49.31,33.33333333333333,NIFTY2270717150CE,CE,17150.0,2022-07-07,50,NIFTY,117.5,1.193,24075.0,0.43,False,False,False,True,False,False,False,True,True,50.0,24050.0,2022-07-01,1,50,34450,34450,1.0,0.0,True,False,False,28611.249999999996,50.0
1850,2022-07-01 10:10:00+05:30,1.2,1.2,1.2,1.2,3850,24350,49.31,33.33333333333333,NIFTY2270717150CE,CE,17150.0,2022-07-07,50,NIFTY,302.5,1.194,24112.5,12.73,False,False,True,True,False,False,False,False,False,0.0,24050.0,2022-07-01,1,3850,38300,38300,1.0,0.0,True,False,False,29220.0,0.0
1851,2022-07-01 10:11:00+05:30,1.2,1.25,1.2,1.25,1300,24350,58.44,33.33333333333333,NIFTY2270717150CE,CE,17150.0,2022-07-07,50,NIFTY,357.5,1.196,24150.0,3.64,False,False,True,True,False,False,False,True,True,0.0,24050.0,2022-07-01,1,1300,39600,39600,1.0,0.0,True,False,False,29828.750000000004,0.0
1852,2022-07-01 10:12:00+05:30,1.25,1.25,1.25,1.25,400,27650,58.44,33.33333333333333,NIFTY2270717150CE,CE,17150.0,2022-07-07,50,NIFTY,357.5,1.198,24352.5,1.12,False,False,False,True,False,False,False,False,False,3300.0,27350.0,2022-07-01,1,400,40000,40000,1.0,0.0,True,False,False,34562.5,3300.0
1853,2022-07-01 10:13:00+05:30,1.25,1.25,1.2,1.2,550,27650,48.34,0.0,NIFTY2270717150CE,CE,17150.0,2022-07-07,50,NIFTY,382.5,1.1989999999999998,24555.0,1.44,False,False,True,True,False,False,False,False,False,0.0,27350.0,2022-07-01,1,550,40550,40550,1.0,0.0,True,False,False,33871.25,0.0
1854,2022-07-01 10:14:00+05:30,1.2,1.2,1.2,1.2,50,27750,48.34,0.0,NIFTY2270717150CE,CE,17150.0,2022-07-07,50,NIFTY,382.5,1.2,24740.0,0.13,False,False,False,False,False,False,False,False,False,100.0,27450.0,2022-07-01,1,50,40600,40600,1.0,0.0,True,False,False,33300.0,100.0
1855,2022-07-01 10:15:00+05:30,1.2,1.2,1.2,1.2,0,27750,48.34,0.0,NIFTY2270717150CE,CE,17150.0,2022-07-07,50,NIFTY,382.5,1.201,24925.0,0.0,False,False,False,False,False,False,False,False,False,0.0,27450.0,2022-07-01,1,0,40600,40600,1.0,0.0,True,False,False,33300.0,0.0
1856,2022-07-01 10:16:00+05:30,1.2,1.2,1.15,1.15,2250,27750,39.76,0.0,NIFTY2270717150CE,CE,17150.0,2022-07-07,50,NIFTY,487.5,1.2009999999999998,25107.5,4.62,False,False,True,False,False,False,False,False,False,0.0,27450.0,2022-07-01,1,2250,42850,42850,1.0,0.0,True,False,False,32606.249999999996,0.0
1857,2022-07-01 10:17:00+05:30,1.15,1.25,1.15,1.25,5750,29950,56.42,20.0,NIFTY2270717150CE,CE,17150.0,2022-07-07,50,NIFTY,770.0,1.203,25400.0,7.47,False,False,True,True,False,False,False,True,True,2200.0,29650.0,2022-07-01,1,5750,48600,48600,1.0,0.0,True,False,False,35940.0,2200.0
1858,2022-07-01 10:18:00+05:30,1.25,1.25,1.25,1.25,0,29950,56.42,20.0,NIFTY2270717150CE,CE,17150.0,2022-07-07,50,NIFTY,732.5,1.205,25692.5,0.0,False,False,False,True,False,False,False,False,False,0.0,29650.0,2022-07-01,1,0,48600,48600,1.0,0.0,True,False,False,37437.5,0.0
1859,2022-07-01 10:19:00+05:30,1.25,1.25,1.25,1.25,0,29950,56.42,0.0,NIFTY2270717150CE,CE,17150.0,2022-07-07,50,NIFTY,732.5,1.207,25985.0,0.0,False,False,False,True,False,False,False,False,False,0.0,29650.0,2022-07-01,1,0,48600,48600,1.0,0.0,True,False,False,37437.5,0.0
1860,2022-07-01 10:20:00+05:30,1.25,1.25,1.2,1.2,1050,33150,48.11,-20.0,NIFTY2270717150CE,CE,17150.0,2022-07-07,50,NIFTY,785.0,1.208,26437.5,1.34,False,False,True,False,False,False,False,False,False,3200.0,32850.0,2022-07-01,1,1050,49650,49650,1.0,0.0,True,False,False,40608.75,3200.0
1861,2022-07-01 10:21:00+05:30,1.15,1.2,1.15,1.15,1700,33150,41.53,-20.0,NIFTY2270717150CE,CE,17150.0,2022-07-07,50,NIFTY,865.0,1.209,26882.5,1.97,False,False,True,False,False,False,False,False,False,0.0,32850.0,2022-07-01,1,1700,51350,51350,1.0,0.0,True,False,False,38951.24999999999,0.0
1862,2022-07-01 10:22:00+05:30,1.15,1.2,1.15,1.2,1400,33150,49.04,0.0,NIFTY2270717150CE,CE,17150.0,2022-07-07,50,NIFTY,935.0,1.21,27327.5,1.5,False,False,True,False,False,False,False,True,True,0.0,32850.0,2022-07-01,1,1400,52750,52750,1.0,0.0,True,False,False,38951.24999999999,0.0
1863,2022-07-01 10:23:00+05:30,1.15,1.15,1.1,1.1,3550,29900,38.41,-24.999999999999957,NIFTY2270717150CE,CE,17150.0,2022-07-07,50,NIFTY,1110.0,1.21,27610.0,3.2,False,True,True,False,False,False,False,False,False,-3250.0,29600.0,2022-07-01,1,3550,56300,56300,1.0,0.0,True,False,False,33637.5,3250.0
1864,2022-07-01 10:24:00+05:30,1.1,1.1,1.1,1.1,0,29900,38.41,-14.285714285714231,NIFTY2270717150CE,CE,17150.0,2022-07-07,50,NIFTY,1110.0,1.21,27892.5,0.0,False,False,False,False,False,False,False,False,False,0.0,29600.0,2022-07-01,1,0,56300,56300,1.0,0.0,True,False,False,32890.0,0.0
1865,2022-07-01 10:25:00+05:30,1.1,1.1,1.1,1.1,0,29900,38.41,-59.999999999999964,NIFTY2270717150CE,CE,17150.0,2022-07-07,50,NIFTY,1110.0,1.209,28175.0,0.0,False,False,False,False,False,False,False,False,False,0.0,29600.0,2022-07-01,1,0,56300,56300,1.0,0.0,True,False,False,32890.0,0.0
1866,2022-07-01 10:26:00+05:30,1.1,1.1,1.1,1.1,1000,28900,38.41,-59.999999999999964,NIFTY2270717150CE,CE,17150.0,2022-07-07,50,NIFTY,1157.5,1.208,28405.0,0.86,False,True,True,False,False,False,False,False,False,-1000.0,28600.0,2022-07-01,1,1000,57300,57300,1.0,0.0,True,False,False,31790.000000000004,1000.0
1867,2022-07-01 10:27:00+05:30,1.1,1.1,1.1,1.1,0,28900,38.41,-59.999999999999964,NIFTY2270717150CE,CE,17150.0,2022-07-07,50,NIFTY,1147.5,1.206,28635.0,0.0,False,False,False,False,False,False,False,False,False,0.0,28600.0,2022-07-01,1,0,57300,57300,1.0,0.0,True,False,False,31790.000000000004,0.0
1868,2022-07-01 10:28:00+05:30,1.1,1.1,1.1,1.1,400,28900,38.41,-49.99999999999994,NIFTY2270717150CE,CE,17150.0,2022-07-07,50,NIFTY,1165.0,1.205,28865.0,0.34,False,False,True,False,False,False,False,False,False,0.0,28600.0,2022-07-01,1,400,57700,57700,1.0,0.0,True,False,False,31790.000000000004,0.0
1869,2022-07-01 10:29:00+05:30,1.1,1.1,1.05,1.05,700,27550,32.85,-49.99999999999994,NIFTY2270717150CE,CE,17150.0,2022-07-07,50,NIFTY,1197.5,1.203,29025.0,0.58,True,True,True,False,False,False,False,False,False,-1350.0,27250.0,2022-07-01,1,700,58400,58400,1.0,0.0,True,False,False,29616.250000000004,1350.0
1870,2022-07-01 10:30:00+05:30,1.05,1.05,1.0,1.0,200,27550,28.43,-100.0,NIFTY2270717150CE,CE,17150.0,2022-07-07,50,NIFTY,1015.0,1.2,29185.0,0.2,True,False,False,False,False,False,False,False,False,0.0,27250.0,2022-07-01,1,200,58600,58600,1.0,0.0,False,False,False,28238.749999999996,0.0
1871,2022-07-01 10:31:00+05:30,1.0,1.1,1.0,1.1,1000,27550,44.53,0.0,NIFTY2270717150CE,CE,17150.0,2022-07-07,50,NIFTY,1000.0,1.198,29345.0,1.0,True,False,False,False,False,False,False,True,True,0.0,27250.0,2022-07-01,1,1000,59600,59600,1.0,0.0,True,False,False,28927.5,0.0
1872,2022-07-01 10:32:00+05:30,1.1,1.1,1.1,1.1,0,27550,44.53,0.0,NIFTY2270717150CE,CE,17150.0,2022-07-07,50,NIFTY,980.0,1.194,29340.0,0.0,True,False,False,False,False,False,False,False,False,0.0,27250.0,2022-07-01,1,0,59600,59600,1.0,0.0,True,False,False,30305.000000000004,0.0
1873,2022-07-01 10:33:00+05:30,1.1,1.1,1.1,1.1,0,27550,44.53,0.0,NIFTY2270717150CE,CE,17150.0,2022-07-07,50,NIFTY,952.5,1.19,29335.0,0.0,True,False,False,False,False,False,False,False,False,0.0,27250.0,2022-07-01,1,0,59600,59600,1.0,0.0,True,False,False,30305.000000000004,0.0
1874,2022-07-01 10:34:00+05:30,1.1,1.1,1.1,1.1,0,27550,44.53,0.0,NIFTY2270717150CE,CE,17150.0,2022-07-07,50,NIFTY,950.0,1.1860000000000002,29325.0,0.0,True,False,False,False,False,False,False,False,False,0.0,27250.0,2022-07-01,1,0,59600,59600,1.0,0.0,True,False,False,30305.000000000004,0.0
1875,2022-07-01 10:35:00+05:30,1.1,1.1,1.1,1.1,50,26800,44.53,0.0,NIFTY2270717150CE,CE,17150.0,2022-07-07,50,NIFTY,952.5,1.182,29277.5,0.05,True,True,True,False,False,False,False,False,False,-750.0,26500.0,2022-07-01,1,50,59650,59650,1.0,0.0,True,False,False,29480.000000000004,750.0
1876,2022-07-01 10:36:00+05:30,1.1,1.1,1.1,1.1,0,26800,44.53,0.0,NIFTY2270717150CE,CE,17150.0,2022-07-07,50,NIFTY,840.0,1.1789999999999998,29230.0,0.0,True,False,False,False,False,False,False,False,False,0.0,26500.0,2022-07-01,1,0,59650,59650,1.0,0.0,True,False,False,29480.000000000004,0.0
1877,2022-07-01 10:37:00+05:30,1.1,1.1,1.1,1.1,0,26800,44.53,33.33333333333333,NIFTY2270717150CE,CE,17150.0,2022-07-07,50,NIFTY,552.5,1.177,29072.5,0.0,True,False,False,False,False,False,False,False,False,0.0,26500.0,2022-07-01,1,0,59650,59650,1.0,0.0,True,False,False,29480.000000000004,0.0
1878,2022-07-01 10:38:00+05:30,1.1,1.1,1.1,1.1,0,26800,44.53,100.0,NIFTY2270717150CE,CE,17150.0,2022-07-07,50,NIFTY,552.5,1.1740000000000002,28915.0,0.0,True,False,False,False,False,False,True,False,False,0.0,26500.0,2022-07-01,1,0,59650,59650,1.0,0.0,True,False,False,29480.000000000004,0.0
1879,2022-07-01 10:39:00+05:30,1.1,1.1,1.1,1.1,0,26800,44.53,,NIFTY2270717150CE,CE,17150.0,2022-07-07,50,NIFTY,552.5,1.171,28757.5,0.0,True,False,False,False,False,False,False,False,False,0.0,26500.0,2022-07-01,1,0,59650,59650,1.0,0.0,True,False,False,29480.000000000004,0.0
1880,2022-07-01 10:40:00+05:30,1.1,1.1,1.1,1.1,50,26800,44.53,,NIFTY2270717150CE,CE,17150.0,2022-07-07,50,NIFTY,502.5,1.1680000000000001,28440.0,0.1,True,False,False,False,False,False,False,False,False,0.0,26500.0,2022-07-01,1,50,59700,59700,1.0,0.0,True,False,False,29480.000000000004,0.0
1881,2022-07-01 10:41:00+05:30,1.1,1.1,1.1,1.1,0,26800,44.53,,NIFTY2270717150CE,CE,17150.0,2022-07-07,50,NIFTY,417.5,1.165,28122.5,0.0,True,False,False,False,False,False,False,False,False,0.0,26500.0,2022-07-01,1,0,59700,59700,1.0,0.0,True,False,False,29480.000000000004,0.0
1882,2022-07-01 10:42:00+05:30,1.1,1.1,1.05,1.05,100,26800,35.5,-100.0,NIFTY2270717150CE,CE,17150.0,2022-07-07,50,NIFTY,352.5,1.161,27805.0,0.28,True,False,False,False,False,False,False,False,False,0.0,26500.0,2022-07-01,1,100,59800,59800,1.0,0.0,True,False,False,28810.000000000004,0.0
1883,2022-07-01 10:43:00+05:30,1.05,1.05,1.05,1.05,250,26800,35.5,-100.0,NIFTY2270717150CE,CE,17150.0,2022-07-07,50,NIFTY,187.5,1.157,27650.0,1.33,True,False,False,False,False,False,False,False,False,0.0,26500.0,2022-07-01,1,250,60050,60050,1.0,0.0,True,False,False,28140.0,0.0
1884,2022-07-01 10:44:00+05:30,1.05,1.05,1.05,1.05,200,26900,35.5,-100.0,NIFTY2270717150CE,CE,17150.0,2022-07-07,50,NIFTY,197.5,1.153,27500.0,1.01,True,False,True,False,False,False,False,False,False,100.0,26600.0,2022-07-01,1,200,60250,60250,1.0,0.0,True,False,False,28245.0,100.0
1885,2022-07-01 10:45:00+05:30,1.05,1.05,1.05,1.05,50,26900,35.5,-100.0,NIFTY2270717150CE,CE,17150.0,2022-07-07,50,NIFTY,200.0,1.149,27350.0,0.25,True,False,True,False,False,False,False,False,False,0.0,26600.0,2022-07-01,1,50,60300,60300,1.0,0.0,True,False,False,28245.0,0.0
1886,2022-07-01 10:46:00+05:30,1.05,1.05,1.05,1.05,0,26900,35.5,-100.0,NIFTY2270717150CE,CE,17150.0,2022-07-07,50,NIFTY,150.0,1.145,27250.0,0.0,True,False,False,False,False,False,False,False,False,0.0,26600.0,2022-07-01,1,0,60300,60300,1.0,0.0,True,False,False,28245.0,0.0
1887,2022-07-01 10:47:00+05:30,1.05,1.05,1.05,1.05,0,26900,35.5,-100.0,NIFTY2270717150CE,CE,17150.0,2022-07-07,50,NIFTY,150.0,1.141,27150.0,0.0,True,False,False,False,False,False,False,False,False,0.0,26600.0,2022-07-01,1,0,60300,60300,1.0,0.0,True,False,False,28245.0,0.0
1888,2022-07-01 10:48:00+05:30,1.05,1.05,1.05,1.05,0,26900,35.5,-100.0,NIFTY2270717150CE,CE,17150.0,2022-07-07,50,NIFTY,130.0,1.138,27050.0,0.0,True,False,False,False,False,False,False,False,False,0.0,26600.0,2022-07-01,1,0,60300,60300,1.0,0.0,True,False,False,28245.0,0.0
1889,2022-07-01 10:49:00+05:30,1.05,1.05,1.05,1.05,0,26900,35.5,-100.0,NIFTY2270717150CE,CE,17150.0,2022-07-07,50,NIFTY,95.0,1.1350000000000002,27017.5,0.0,True,False,False,False,False,False,False,False,False,0.0,26600.0,2022-07-01,1,0,60300,60300,1.0,0.0,True,False,False,28245.0,0.0
1890,2022-07-01 10:50:00+05:30,1.05,1.05,1.0,1.0,250,26700,25.98,-100.0,NIFTY2270717150CE,CE,17150.0,2022-07-07,50,NIFTY,97.5,1.131,26975.0,2.56,True,True,True,False,False,True,False,False,False,-200.0,26400.0,2022-07-01,1,250,60550,60550,1.0,0.0,False,False,False,27367.499999999996,200.0
1891,2022-07-01 10:51:00+05:30,1.0,1.0,1.0,1.0,0,26700,25.98,-100.0,NIFTY2270717150CE,CE,17150.0,2022-07-07,50,NIFTY,47.5,1.1280000000000001,26932.5,0.0,True,False,False,False,False,True,False,False,False,0.0,26400.0,2022-07-01,1,0,60550,60550,1.0,0.0,False,False,False,26700.0,0.0
1892,2022-07-01 10:52:00+05:30,1.0,1.0,1.0,1.0,0,26700,25.98,-100.0,NIFTY2270717150CE,CE,17150.0,2022-07-07,50,NIFTY,47.5,1.1250000000000002,26890.0,0.0,True,False,False,False,False,True,False,False,False,0.0,26400.0,2022-07-01,1,0,60550,60550,1.0,0.0,False,False,False,26700.0,0.0
1893,2022-07-01 10:53:00+05:30,1.0,1.0,1.0,1.0,0,26700,25.98,-100.0,NIFTY2270717150CE,CE,17150.0,2022-07-07,50,NIFTY,47.5,1.121,26847.5,0.0,True,False,False,False,False,True,False,False,False,0.0,26400.0,2022-07-01,1,0,60550,60550,1.0,0.0,False,False,False,26700.0,0.0
1894,2022-07-01 10:54:00+05:30,1.0,1.05,1.0,1.05,0,26600,45.61,0.0,NIFTY2270717150CE,CE,17150.0,2022-07-07,50,NIFTY,47.5,1.1179999999999999,26800.0,0.0,True,True,False,False,False,False,False,True,True,-100.0,26300.0,2022-07-01,1,0,60550,60550,1.0,0.0,True,False,False,27264.999999999996,100.0
1895,2022-07-01 10:55:00+05:30,1.05,1.05,1.0,1.0,200,26600,35.48,-33.33333333333333,NIFTY2270717150CE,CE,17150.0,2022-07-07,50,NIFTY,55.0,1.114,26790.0,3.64,True,False,True,False,False,False,False,False,False,0.0,26300.0,2022-07-01,1,200,60750,60750,1.0,0.0,False,False,False,27264.999999999996,0.0
1896,2022-07-01 10:56:00+05:30,1.0,1.0,1.0,1.0,1800,26250,35.48,-33.33333333333333,NIFTY2270717150CE,CE,17150.0,2022-07-07,50,NIFTY,145.0,1.11,26762.5,12.41,True,True,True,False,False,False,False,False,False,-350.0,25950.0,2022-07-01,1,1800,62550,62550,1.0,0.0,False,False,False,26250.0,350.0
1897,2022-07-01 10:57:00+05:30,1.0,1.05,1.0,1.0,1600,26250,35.48,-33.33333333333333,NIFTY2270717150CE,CE,17150.0,2022-07-07,50,NIFTY,225.0,1.106,26735.0,7.11,True,False,True,False,False,False,False,False,False,0.0,25950.0,2022-07-01,1,1600,64150,64150,1.0,0.0,False,False,False,26906.249999999996,0.0
1898,2022-07-01 10:58:00+05:30,1.0,1.05,1.0,1.05,1950,26250,49.49,33.33333333333333,NIFTY2270717150CE,CE,17150.0,2022-07-07,50,NIFTY,322.5,1.1039999999999999,26707.5,6.05,True,False,True,False,False,False,False,True,True,0.0,25950.0,2022-07-01,1,1950,66100,66100,1.0,0.0,True,False,False,26906.249999999996,0.0
1899,2022-07-01 10:59:00+05:30,1.0,1.0,1.0,1.0,1300,22300,40.11,0.0,NIFTY2270717150CE,CE,17150.0,2022-07-07,50,NIFTY,387.5,1.1,26482.5,3.35,True,True,True,False,False,False,False,False,False,-3950.0,22000.0,2022-07-01,1,1300,67400,67400,1.0,0.0,False,False,False,22300.0,3950.0
1900,2022-07-01 11:00:00+05:30,1.0,1.05,0.95,1.0,1550,22300,40.11,0.0,NIFTY2270717150CE,CE,17150.0,2022-07-07,50,NIFTY,462.5,1.0959999999999999,26257.5,3.35,True,False,True,False,False,False,False,False,False,0.0,22000.0,2022-07-01,1,1550,68950,68950,1.0,0.0,False,False,False,22300.0,0.0
1901,2022-07-01 11:01:00+05:30,1.0,1.0,1.0,1.0,0,22300,40.11,0.0,NIFTY2270717150CE,CE,17150.0,2022-07-07,50,NIFTY,462.5,1.091,26032.5,0.0,True,False,False,False,False,False,False,False,False,0.0,22000.0,2022-07-01,1,0,68950,68950,1.0,0.0,False,False,False,22300.0,0.0
1902,2022-07-01 11:02:00+05:30,1.0,1.0,1.0,1.0,0,22300,40.11,-33.33333333333333,NIFTY2270717150CE,CE,17150.0,2022-07-07,50,NIFTY,457.5,1.0859999999999999,25807.5,0.0,True,False,False,False,False,False,False,False,False,0.0,22000.0,2022-07-01,1,0,68950,68950,1.0,0.0,False,False,False,22300.0,0.0
1903,2022-07-01 11:03:00+05:30,1.0,1.05,1.0,1.05,100,21400,52.28,33.33333333333333,NIFTY2270717150CE,CE,17150.0,2022-07-07,50,NIFTY,450.0,1.0830000000000002,25537.5,0.22,True,True,False,False,False,False,False,True,True,-900.0,21100.0,2022-07-01,1,100,69050,69050,1.0,0.0,True,False,False,21934.999999999996,900.0
1904,2022-07-01 11:04:00+05:30,1.05,1.05,1.05,1.05,0,21400,52.28,33.33333333333333,NIFTY2270717150CE,CE,17150.0,2022-07-07,50,NIFTY,440.0,1.08,25262.5,0.0,True,False,False,False,False,False,False,False,False,0.0,21100.0,2022-07-01,1,0,69050,69050,1.0,0.0,True,False,False,22470.0,0.0
1905,2022-07-01 11:05:00+05:30,1.05,1.05,1.05,1.05,0,21400,52.28,33.33333333333333,NIFTY2270717150CE,CE,17150.0,2022-07-07,50,NIFTY,437.5,1.077,24987.5,0.0,True,False,False,False,False,False,False,False,False,0.0,21100.0,2022-07-01,1,0,69050,69050,1.0,0.0,True,False,False,22470.0,0.0
1906,2022-07-01 11:06:00+05:30,1.05,1.05,1.05,1.05,0,21400,52.28,0.0,NIFTY2270717150CE,CE,17150.0,2022-07-07,50,NIFTY,437.5,1.075,24712.5,0.0,True,False,False,False,False,False,False,False,False,0.0,21100.0,2022-07-01,1,0,69050,69050,1.0,0.0,True,False,False,22470.0,0.0
1907,2022-07-01 11:07:00+05:30,1.05,1.05,1.05,1.05,0,21400,52.28,100.0,NIFTY2270717150CE,CE,17150.0,2022-07-07,50,NIFTY,437.5,1.071,24437.5,0.0,True,False,False,False,False,False,True,False,False,0.0,21100.0,2022-07-01,1,0,69050,69050,1.0,0.0,True,False,False,22470.0,0.0
1908,2022-07-01 11:08:00+05:30,1.05,1.05,1.05,1.05,0,21400,52.28,100.0,NIFTY2270717150CE,CE,17150.0,2022-07-07,50,NIFTY,437.5,1.067,24162.5,0.0,True,False,False,False,False,False,True,False,False,0.0,21100.0,2022-07-01,1,0,69050,69050,1.0,0.0,True,False,False,22470.0,0.0
1909,2022-07-01 11:09:00+05:30,1.05,1.05,1.05,1.05,50,21500,52.28,100.0,NIFTY2270717150CE,CE,17150.0,2022-07-07,50,NIFTY,440.0,1.063,23892.5,0.11,True,False,True,False,False,False,True,False,False,100.0,21200.0,2022-07-01,1,50,69100,69100,1.0,0.0,True,False,False,22575.0,100.0
1910,2022-07-01 11:10:00+05:30,1.05,1.05,1.0,1.05,250,21500,52.28,100.0,NIFTY2270717150CE,CE,17150.0,2022-07-07,50,NIFTY,440.0,1.06,23632.5,0.57,True,False,False,False,False,False,True,False,False,0.0,21200.0,2022-07-01,1,250,69350,69350,1.0,0.0,True,False,False,22037.499999999996,0.0
1911,2022-07-01 11:11:00+05:30,1.05,1.05,1.0,1.05,350,21500,52.28,,NIFTY2270717150CE,CE,17150.0,2022-07-07,50,NIFTY,457.5,1.058,23372.5,0.77,True,False,True,False,False,False,False,False,False,0.0,21200.0,2022-07-01,1,350,69700,69700,1.0,0.0,True,False,False,22037.499999999996,0.0
1912,2022-07-01 11:12:00+05:30,1.05,1.05,0.95,1.0,200,21600,37.45,-100.0,NIFTY2270717150CE,CE,17150.0,2022-07-07,50,NIFTY,467.5,1.054,23117.5,0.43,True,False,True,False,False,False,False,False,False,100.0,21300.0,2022-07-01,1,200,69900,69900,1.0,0.0,False,False,False,21600.0,100.0
1913,2022-07-01 11:13:00+05:30,1.0,1.05,0.95,0.95,400,21600,28.69,-100.0,NIFTY2270717150CE,CE,17150.0,2022-07-07,50,NIFTY,487.5,1.0510000000000002,22862.5,0.82,True,False,True,False,False,False,False,False,False,0.0,21300.0,2022-07-01,0,0,69900,70300,0.99,-0.99,False,False,False,21600.0,0.0
1914,2022-07-01 11:14:00+05:30,0.95,1.05,0.95,1.05,150,21600,52.58,0.0,NIFTY2270717150CE,CE,17150.0,2022-07-07,50,NIFTY,495.0,1.05,22612.5,0.3,True,False,True,False,False,False,False,True,True,0.0,21300.0,2022-07-01,1,150,70050,70450,0.99,0.01,True,True,False,21600.0,0.0
1915,2022-07-01 11:15:00+05:30,1.0,1.05,1.0,1.05,150,19550,52.58,0.0,NIFTY2270717150CE,CE,17150.0,2022-07-07,50,NIFTY,492.5,1.049,22260.0,0.3,True,True,False,True,False,False,False,False,True,-2050.0,19250.0,2022-07-01,1,150,70200,70600,0.99,0.01,True,False,False,20038.75,2050.0
1916,2022-07-01 11:16:00+05:30,1.05,1.05,1.05,1.05,0,19550,52.58,0.0,NIFTY2270717150CE,CE,17150.0,2022-07-07,50,NIFTY,402.5,1.048,21925.0,0.0,True,False,False,True,False,False,False,False,False,0.0,19250.0,2022-07-01,1,0,70200,70600,0.99,0.01,True,False,False,20527.5,0.0
1917,2022-07-01 11:17:00+05:30,1.05,1.05,1.05,1.05,0,19550,52.58,0.0,NIFTY2270717150CE,CE,17150.0,2022-07-07,50,NIFTY,322.5,1.047,21590.0,0.0,True,False,False,True,False,False,False,False,False,0.0,19250.0,2022-07-01,1,0,70200,70600,0.99,0.01,True,False,False,20527.5,0.0
1918,2022-07-01 11:18:00+05:30,1.05,1.05,1.05,1.05,0,19550,52.58,0.0,NIFTY2270717150CE,CE,17150.0,2022-07-07,50,NIFTY,225.0,1.046,21255.0,0.0,True,False,False,True,False,False,False,False,False,0.0,19250.0,2022-07-01,1,0,70200,70600,0.99,0.01,True,False,False,20527.5,0.0
1919,2022-07-01 11:19:00+05:30,1.05,1.05,1.05,1.05,150,19450,52.58,0.0,NIFTY2270717150CE,CE,17150.0,2022-07-07,50,NIFTY,167.5,1.046,21112.5,0.9,True,True,False,True,False,False,False,False,False,-100.0,19150.0,2022-07-01,1,150,70350,70750,0.99,0.01,True,False,False,20422.5,100.0
1920,2022-07-01 11:20:00+05:30,1.05,1.05,1.05,1.05,0,19450,52.58,33.33333333333333,NIFTY2270717150CE,CE,17150.0,2022-07-07,50,NIFTY,90.0,1.047,20970.0,0.0,True,False,False,True,False,False,False,False,False,0.0,19150.0,2022-07-01,1,0,70350,70750,0.99,0.01,True,False,False,20422.5,0.0
1921,2022-07-01 11:21:00+05:30,1.05,1.05,1.05,1.05,0,19450,52.58,100.0,NIFTY2270717150CE,CE,17150.0,2022-07-07,50,NIFTY,90.0,1.046,20827.5,0.0,True,False,False,True,False,False,True,False,False,0.0,19150.0,2022-07-01,1,0,70350,70750,0.99,0.01,True,False,False,20422.5,0.0
1922,2022-07-01 11:22:00+05:30,1.05,1.05,1.05,1.05,0,19450,52.58,,NIFTY2270717150CE,CE,17150.0,2022-07-07,50,NIFTY,90.0,1.045,20685.0,0.0,True,False,False,True,False,False,False,False,False,0.0,19150.0,2022-07-01,1,0,70350,70750,0.99,0.01,True,False,False,20422.5,0.0
1923,2022-07-01 11:23:00+05:30,1.05,1.05,1.05,1.05,0,19450,52.58,,NIFTY2270717150CE,CE,17150.0,2022-07-07,50,NIFTY,85.0,1.044,20587.5,0.0,True,False,False,True,False,False,False,False,False,0.0,19150.0,2022-07-01,1,0,70350,70750,0.99,0.01,True,False,False,20422.5,0.0
1924,2022-07-01 11:24:00+05:30,1.05,1.05,1.05,1.05,0,19450,52.58,,NIFTY2270717150CE,CE,17150.0,2022-07-07,50,NIFTY,85.0,1.043,20490.0,0.0,True,False,False,True,False,False,False,False,False,0.0,19150.0,2022-07-01,1,0,70350,70750,0.99,0.01,True,False,False,20422.5,0.0
1925,2022-07-01 11:25:00+05:30,1.05,1.05,1.05,1.05,0,19450,52.58,,NIFTY2270717150CE,CE,17150.0,2022-07-07,50,NIFTY,85.0,1.0420000000000003,20392.5,0.0,True,False,False,True,False,False,False,False,False,0.0,19150.0,2022-07-01,1,0,70350,70750,0.99,0.01,True,False,False,20422.5,0.0
1926,2022-07-01 11:26:00+05:30,1.05,1.05,1.05,1.05,150,19500,52.58,,NIFTY2270717150CE,CE,17150.0,2022-07-07,50,NIFTY,92.5,1.0410000000000001,20297.5,1.62,True,False,True,True,False,False,False,False,False,50.0,19200.0,2022-07-01,1,150,70500,70900,0.99,0.01,True,False,False,20475.0,50.0
1927,2022-07-01 11:27:00+05:30,1.05,1.05,1.05,1.05,0,19500,52.58,,NIFTY2270717150CE,CE,17150.0,2022-07-07,50,NIFTY,92.5,1.04,20202.5,0.0,True,False,False,True,False,False,False,False,False,0.0,19200.0,2022-07-01,1,0,70500,70900,0.99,0.01,True,False,False,20475.0,0.0
1928,2022-07-01 11:28:00+05:30,1.05,1.05,1.05,1.05,0,19500,52.58,,NIFTY2270717150CE,CE,17150.0,2022-07-07,50,NIFTY,92.5,1.0390000000000001,20107.5,0.0,True,False,False,True,False,False,False,False,False,0.0,19200.0,2022-07-01,1,0,70500,70900,0.99,0.01,True,False,False,20475.0,0.0
1929,2022-07-01 11:29:00+05:30,1.05,1.05,1.05,1.05,0,19500,52.58,,NIFTY2270717150CE,CE,17150.0,2022-07-07,50,NIFTY,90.0,1.038,20007.5,0.0,True,False,False,True,False,False,False,False,False,0.0,19200.0,2022-07-01,1,0,70500,70900,0.99,0.01,True,False,False,20475.0,0.0
1930,2022-07-01 11:30:00+05:30,1.0,1.0,1.0,1.0,250,19600,33.96,-100.0,NIFTY2270717150CE,CE,17150.0,2022-07-07,50,NIFTY,90.0,1.036,19912.5,2.78,True,False,False,False,False,False,False,False,False,100.0,19300.0,2022-07-01,1,250,70750,71150,0.99,0.01,True,False,False,19600.0,100.0
1931,2022-07-01 11:31:00+05:30,1.0,1.0,1.0,1.0,0,19600,33.96,-100.0,NIFTY2270717150CE,CE,17150.0,2022-07-07,50,NIFTY,72.5,1.034,19817.5,0.0,True,False,False,False,False,False,False,False,False,0.0,19300.0,2022-07-01,1,0,70750,71150,0.99,0.01,True,False,False,19600.0,0.0
1932,2022-07-01 11:32:00+05:30,1.0,1.0,1.0,1.0,0,19600,33.96,-100.0,NIFTY2270717150CE,CE,17150.0,2022-07-07,50,NIFTY,62.5,1.033,19717.5,0.0,True,False,False,False,False,False,False,False,False,0.0,19300.0,2022-07-01,1,0,70750,71150,0.99,0.01,True,False,False,19600.0,0.0
1933,2022-07-01 11:33:00+05:30,1.0,1.0,1.0,1.0,0,19600,33.96,-100.0,NIFTY2270717150CE,CE,17150.0,2022-07-07,50,NIFTY,42.5,1.032,19617.5,0.0,True,False,False,False,False,False,False,False,False,0.0,19300.0,2022-07-01,1,0,70750,71150,0.99,0.01,True,False,False,19600.0,0.0
1934,2022-07-01 11:34:00+05:30,1.0,1.0,1.0,1.0,0,19600,33.96,-100.0,NIFTY2270717150CE,CE,17150.0,2022-07-07,50,NIFTY,35.0,1.031,19517.5,0.0,False,False,False,False,False,False,False,False,False,0.0,19300.0,2022-07-01,1,0,70750,71150,0.99,0.01,True,False,False,19600.0,0.0
1935,2022-07-01 11:35:00+05:30,1.0,1.0,1.0,1.0,0,19600,33.96,-100.0,NIFTY2270717150CE,CE,17150.0,2022-07-07,50,NIFTY,27.5,1.03,19520.0,0.0,False,False,False,False,False,False,False,False,False,0.0,19300.0,2022-07-01,1,0,70750,71150,0.99,0.01,True,False,False,19600.0,0.0
1936,2022-07-01 11:36:00+05:30,1.0,1.0,1.0,1.0,100,19600,33.96,-100.0,NIFTY2270717150CE,CE,17150.0,2022-07-07,50,NIFTY,32.5,1.0290000000000001,19522.5,3.08,False,False,True,False,False,False,False,False,False,0.0,19300.0,2022-07-01,1,100,70850,71250,0.99,0.01,True,False,False,19600.0,0.0
1937,2022-07-01 11:37:00+05:30,1.0,1.0,1.0,1.0,0,19600,33.96,-100.0,NIFTY2270717150CE,CE,17150.0,2022-07-07,50,NIFTY,32.5,1.028,19525.0,0.0,False,False,False,False,False,False,False,False,False,0.0,19300.0,2022-07-01,1,0,70850,71250,0.99,0.01,True,False,False,19600.0,0.0
1938,2022-07-01 11:38:00+05:30,1.0,1.0,1.0,1.0,0,19600,33.96,,NIFTY2270717150CE,CE,17150.0,2022-07-07,50,NIFTY,32.5,1.0270000000000001,19527.5,0.0,False,False,False,False,False,False,False,False,False,0.0,19300.0,2022-07-01,1,0,70850,71250,0.99,0.01,True,False,False,19600.0,0.0
1939,2022-07-01 11:39:00+05:30,1.0,1.05,1.0,1.05,0,19600,60.92,100.0,NIFTY2270717150CE,CE,17150.0,2022-07-07,50,NIFTY,25.0,1.0270000000000001,19535.0,0.0,False,False,False,True,False,False,True,True,True,0.0,19300.0,2022-07-01,1,0,70850,71250,0.99,0.01,True,False,False,20090.0,0.0
1940,2022-07-01 11:40:00+05:30,1.05,1.05,1.05,1.05,0,19600,60.92,100.0,NIFTY2270717150CE,CE,17150.0,2022-07-07,50,NIFTY,25.0,1.028,19542.5,0.0,False,False,False,True,False,False,True,False,False,0.0,19300.0,2022-07-01,1,0,70850,71250,0.99,0.01,True,False,False,20580.0,0.0
1941,2022-07-01 11:41:00+05:30,1.05,1.05,0.95,0.95,1200,19600,31.29,-33.33333333333333,NIFTY2270717150CE,CE,17150.0,2022-07-07,50,NIFTY,85.0,1.0270000000000001,19550.0,14.12,False,False,True,False,False,False,False,False,False,0.0,19300.0,2022-07-01,0,0,70850,72450,0.98,-0.98,False,False,False,19600.0,0.0
1942,2022-07-01 11:42:00+05:30,0.95,0.95,0.95,0.95,0,19600,31.29,-33.33333333333333,NIFTY2270717150CE,CE,17150.0,2022-07-07,50,NIFTY,85.0,1.026,19557.5,0.0,False,False,False,False,False,False,False,False,False,0.0,19300.0,2022-07-01,0,0,70850,72450,0.98,-0.98,False,False,False,18620.0,0.0
1943,2022-07-01 11:43:00+05:30,0.95,0.95,0.95,0.95,50,19500,31.29,-33.33333333333333,NIFTY2270717150CE,CE,17150.0,2022-07-07,50,NIFTY,87.5,1.025,19560.0,0.57,True,True,True,False,False,False,False,False,False,-100.0,19200.0,2022-07-01,0,0,70850,72500,0.98,-0.98,False,False,False,18525.0,100.0
1944,2022-07-01 11:44:00+05:30,0.95,0.95,0.95,0.95,0,19500,31.29,-33.33333333333333,NIFTY2270717150CE,CE,17150.0,2022-07-07,50,NIFTY,87.5,1.023,19562.5,0.0,True,False,False,False,False,False,False,False,False,0.0,19200.0,2022-07-01,0,0,70850,72500,0.98,-0.98,False,False,False,18525.0,0.0
1945,2022-07-01 11:45:00+05:30,0.95,0.95,0.95,0.95,0,19500,31.29,-33.33333333333333,NIFTY2270717150CE,CE,17150.0,2022-07-07,50,NIFTY,87.5,1.022,19565.0,0.0,True,False,False,False,False,False,False,False,False,0.0,19200.0,2022-07-01,0,0,70850,72500,0.98,-0.98,False,False,False,18525.0,0.0
1946,2022-07-01 11:46:00+05:30,0.95,1.0,0.95,1.0,0,19500,49.19,0.0,NIFTY2270717150CE,CE,17150.0,2022-07-07,50,NIFTY,80.0,1.022,19565.0,0.0,True,False,False,False,False,False,False,True,True,0.0,19200.0,2022-07-01,0,0,70850,72500,0.98,-0.98,True,False,False,19012.5,0.0
1947,2022-07-01 11:47:00+05:30,0.95,0.95,0.95,0.95,150,19500,38.41,-50.0,NIFTY2270717150CE,CE,17150.0,2022-07-07,50,NIFTY,87.5,1.021,19565.0,1.71,True,False,True,False,False,False,False,False,False,0.0,19200.0,2022-07-01,0,0,70850,72650,0.98,-0.98,False,False,False,18525.0,0.0
1948,2022-07-01 11:48:00+05:30,0.95,1.0,0.9,1.0,1900,19500,50.17,-20.0,NIFTY2270717150CE,CE,17150.0,2022-07-07,50,NIFTY,182.5,1.02,19565.0,10.41,True,False,True,False,False,False,False,True,True,0.0,19200.0,2022-07-01,0,0,70850,74550,0.95,-0.95,True,True,False,18525.0,0.0
1949,2022-07-01 11:49:00+05:30,1.0,1.0,0.95,0.95,150,19500,41.61,0.0,NIFTY2270717150CE,CE,17150.0,2022-07-07,50,NIFTY,190.0,1.0190000000000001,19565.0,0.79,True,False,True,False,False,False,False,False,False,0.0,19200.0,2022-07-01,0,0,70850,74700,0.95,-0.95,False,False,False,19012.5,0.0
1950,2022-07-01 11:50:00+05:30,0.95,1.0,0.95,1.0,200,19700,50.67,20.0,NIFTY2270717150CE,CE,17150.0,2022-07-07,50,NIFTY,187.5,1.0190000000000001,19570.0,1.07,False,False,False,False,False,False,False,True,True,200.0,19400.0,2022-07-01,0,0,70850,74900,0.95,-0.95,True,False,False,19207.5,200.0
1951,2022-07-01 11:51:00+05:30,1.0,1.0,1.0,1.0,0,19700,50.67,20.0,NIFTY2270717150CE,CE,17150.0,2022-07-07,50,NIFTY,187.5,1.0190000000000001,19575.0,0.0,False,False,False,False,False,False,False,False,False,0.0,19400.0,2022-07-01,1,0,70850,74900,0.95,0.05,True,True,False,19700.0,0.0
1952,2022-07-01 11:52:00+05:30,1.0,1.0,1.0,1.0,50,19700,50.67,20.0,NIFTY2270717150CE,CE,17150.0,2022-07-07,50,NIFTY,190.0,1.0190000000000001,19580.0,0.26,False,False,True,False,False,False,False,False,False,0.0,19400.0,2022-07-01,1,50,70900,74950,0.95,0.05,True,False,False,19700.0,0.0
1953,2022-07-01 11:53:00+05:30,1.0,1.0,0.95,1.0,700,19700,50.67,20.0,NIFTY2270717150CE,CE,17150.0,2022-07-07,50,NIFTY,225.0,1.018,19585.0,3.11,False,False,True,False,False,False,False,False,False,0.0,19400.0,2022-07-01,0,0,70900,75650,0.94,-0.94,True,False,False,19207.5,0.0
1954,2022-07-01 11:54:00+05:30,1.0,1.0,1.0,1.0,200,19700,50.67,0.0,NIFTY2270717150CE,CE,17150.0,2022-07-07,50,NIFTY,235.0,1.0170000000000001,19590.0,0.85,False,False,True,False,False,False,False,False,False,0.0,19400.0,2022-07-01,1,200,71100,75850,0.94,0.06,True,True,False,19700.0,0.0
1955,2022-07-01 11:55:00+05:30,1.0,1.0,1.0,1.0,250,19700,50.67,33.33333333333333,NIFTY2270717150CE,CE,17150.0,2022-07-07,50,NIFTY,247.5,1.016,19595.0,1.01,False,False,True,False,False,False,False,False,False,0.0,19400.0,2022-07-01,1,250,71350,76100,0.94,0.06,True,False,False,19700.0,0.0
1956,2022-07-01 11:56:00+05:30,1.0,1.0,1.0,1.0,250,19450,50.67,0.0,NIFTY2270717150CE,CE,17150.0,2022-07-07,50,NIFTY,255.0,1.015,19587.5,0.98,True,True,True,False,False,False,False,False,False,-250.0,19150.0,2022-07-01,1,250,71600,76350,0.94,0.06,True,False,False,19450.0,250.0
1957,2022-07-01 11:57:00+05:30,1.0,1.0,1.0,1.0,0,19450,50.67,100.0,NIFTY2270717150CE,CE,17150.0,2022-07-07,50,NIFTY,255.0,1.014,19580.0,0.0,True,False,False,False,False,False,True,False,False,0.0,19150.0,2022-07-01,1,0,71600,76350,0.94,0.06,True,False,False,19450.0,0.0
1958,2022-07-01 11:58:00+05:30,1.0,1.0,1.0,1.0,0,19450,50.67,,NIFTY2270717150CE,CE,17150.0,2022-07-07,50,NIFTY,255.0,1.013,19572.5,0.0,True,False,False,False,False,False,False,False,False,0.0,19150.0,2022-07-01,1,0,71600,76350,0.94,0.06,True,False,False,19450.0,0.0
1959,2022-07-01 11:59:00+05:30,1.0,1.0,1.0,1.0,100,19450,50.67,,NIFTY2270717150CE,CE,17150.0,2022-07-07,50,NIFTY,260.0,1.012,19565.0,0.38,True,False,True,False,False,False,False,False,False,0.0,19150.0,2022-07-01,1,100,71700,76450,0.94,0.06,True,False,False,19450.0,0.0
1960,2022-07-01 12:00:00+05:30,1.0,1.0,0.9,0.95,600,19450,38.23,-100.0,NIFTY2270717150CE,CE,17150.0,2022-07-07,50,NIFTY,290.0,1.01,19557.5,2.07,True,False,True,False,False,False,False,False,False,0.0,19150.0,2022-07-01,0,0,71700,77050,0.93,-0.93,True,False,False,18477.5,0.0
1961,2022-07-01 12:01:00+05:30,0.95,0.95,0.95,0.95,300,19450,38.23,-100.0,NIFTY2270717150CE,CE,17150.0,2022-07-07,50,NIFTY,245.0,1.008,19550.0,1.22,True,False,False,False,False,False,False,False,False,0.0,19150.0,2022-07-01,0,0,71700,77350,0.93,-0.93,True,False,False,18477.5,0.0
1962,2022-07-01 12:02:00+05:30,0.95,0.95,0.95,0.95,0,19450,38.23,-100.0,NIFTY2270717150CE,CE,17150.0,2022-07-07,50,NIFTY,245.0,1.0070000000000001,19542.5,0.0,True,False,False,False,False,False,False,False,False,0.0,19150.0,2022-07-01,0,0,71700,77350,0.93,-0.93,True,False,False,18477.5,0.0
1963,2022-07-01 12:03:00+05:30,0.95,1.0,0.95,1.0,250,19050,52.73,0.0,NIFTY2270717150CE,CE,17150.0,2022-07-07,50,NIFTY,255.0,1.008,19520.0,0.98,True,True,True,False,False,False,False,True,True,-400.0,18750.0,2022-07-01,0,0,71700,77600,0.92,-0.92,True,True,False,18573.75,400.0
1964,2022-07-01 12:04:00+05:30,1.0,1.0,1.0,1.0,0,19050,52.73,0.0,NIFTY2270717150CE,CE,17150.0,2022-07-07,50,NIFTY,255.0,1.0070000000000001,19497.5,0.0,True,False,False,False,False,False,False,False,False,0.0,18750.0,2022-07-01,1,0,71700,77600,0.92,0.08,True,True,False,19050.0,0.0
1965,2022-07-01 12:05:00+05:30,1.0,1.0,1.0,1.0,0,19050,52.73,0.0,NIFTY2270717150CE,CE,17150.0,2022-07-07,50,NIFTY,255.0,1.006,19475.0,0.0,True,False,False,False,False,False,False,False,False,0.0,18750.0,2022-07-01,1,0,71700,77600,0.92,0.08,True,False,False,19050.0,0.0
1966,2022-07-01 12:06:00+05:30,1.0,1.0,0.95,0.95,50,19050,40.77,-33.33333333333333,NIFTY2270717150CE,CE,17150.0,2022-07-07,50,NIFTY,257.5,1.004,19452.5,0.19,True,False,True,False,False,False,False,False,False,0.0,18750.0,2022-07-01,0,0,71700,77650,0.92,-0.92,True,False,False,18573.75,0.0
1967,2022-07-01 12:07:00+05:30,0.95,0.95,0.95,0.95,0,19050,40.77,-33.33333333333333,NIFTY2270717150CE,CE,17150.0,2022-07-07,50,NIFTY,250.0,1.002,19430.0,0.0,True,False,False,False,False,False,False,False,False,0.0,18750.0,2022-07-01,0,0,71700,77650,0.92,-0.92,True,False,False,18097.5,0.0
1968,2022-07-01 12:08:00+05:30,0.95,0.95,0.95,0.95,150,19050,40.77,0.0,NIFTY2270717150CE,CE,17150.0,2022-07-07,50,NIFTY,162.5,1.0,19407.5,0.92,True,False,False,False,False,False,False,False,False,0.0,18750.0,2022-07-01,0,0,71700,77800,0.92,-0.92,True,False,False,18097.5,0.0
1969,2022-07-01 12:09:00+05:30,0.95,0.95,0.95,0.95,0,19050,40.77,0.0,NIFTY2270717150CE,CE,17150.0,2022-07-07,50,NIFTY,155.0,0.998,19385.0,0.0,True,False,False,False,False,False,False,False,False,0.0,18750.0,2022-07-01,0,0,71700,77800,0.92,-0.92,True,False,False,18097.5,0.0
1970,2022-07-01 12:10:00+05:30,0.95,0.95,0.95,0.95,0,19050,40.77,0.0,NIFTY2270717150CE,CE,17150.0,2022-07-07,50,NIFTY,145.0,0.9960000000000001,19352.5,0.0,True,False,False,False,False,False,False,False,False,0.0,18750.0,2022-07-01,0,0,71700,77800,0.92,-0.92,True,False,False,18097.5,0.0
1971,2022-07-01 12:11:00+05:30,0.95,0.95,0.95,0.95,0,19050,40.77,-100.0,NIFTY2270717150CE,CE,17150.0,2022-07-07,50,NIFTY,145.0,0.9939999999999999,19320.0,0.0,True,False,False,False,False,False,False,False,False,0.0,18750.0,2022-07-01,0,0,71700,77800,0.92,-0.92,True,False,False,18097.5,0.0
1972,2022-07-01 12:12:00+05:30,0.95,0.95,0.95,0.95,0,19050,40.77,-100.0,NIFTY2270717150CE,CE,17150.0,2022-07-07,50,NIFTY,142.5,0.992,19287.5,0.0,True,False,False,False,False,False,False,False,False,0.0,18750.0,2022-07-01,0,0,71700,77800,0.92,-0.92,True,False,False,18097.5,0.0
1973,2022-07-01 12:13:00+05:30,0.95,0.95,0.95,0.95,0,19050,40.77,-100.0,NIFTY2270717150CE,CE,17150.0,2022-07-07,50,NIFTY,107.5,0.99,19255.0,0.0,True,False,False,False,False,False,False,False,False,0.0,18750.0,2022-07-01,0,0,71700,77800,0.92,-0.92,True,False,False,18097.5,0.0
1974,2022-07-01 12:14:00+05:30,0.95,0.95,0.95,0.95,0,19050,40.77,,NIFTY2270717150CE,CE,17150.0,2022-07-07,50,NIFTY,97.5,0.988,19222.5,0.0,True,False,False,False,False,False,False,False,False,0.0,18750.0,2022-07-01,0,0,71700,77800,0.92,-0.92,True,False,False,18097.5,0.0
1975,2022-07-01 12:15:00+05:30,0.95,0.95,0.9,0.9,250,19250,28.28,-100.0,NIFTY2270717150CE,CE,17150.0,2022-07-07,50,NIFTY,97.5,0.9849999999999999,19200.0,2.56,False,False,False,False,False,False,False,False,False,200.0,18950.0,2022-07-01,0,0,71700,78050,0.92,-0.92,False,False,False,17806.25,200.0
1976,2022-07-01 12:16:00+05:30,0.9,0.9,0.9,0.9,0,19250,28.28,-100.0,NIFTY2270717150CE,CE,17150.0,2022-07-07,50,NIFTY,85.0,0.982,19190.0,0.0,False,False,False,False,False,False,False,False,False,0.0,18950.0,2022-07-01,0,0,71700,78050,0.92,-0.92,False,False,False,17325.0,0.0
1977,2022-07-01 12:17:00+05:30,0.9,0.9,0.9,0.9,0,19250,28.28,-100.0,NIFTY2270717150CE,CE,17150.0,2022-07-07,50,NIFTY,85.0,0.9790000000000001,19180.0,0.0,False,False,False,False,False,False,False,False,False,0.0,18950.0,2022-07-01,0,0,71700,78050,0.92,-0.92,False,False,False,17325.0,0.0
1978,2022-07-01 12:18:00+05:30,0.9,0.9,0.9,0.9,0,19250,28.28,-100.0,NIFTY2270717150CE,CE,17150.0,2022-07-07,50,NIFTY,85.0,0.976,19170.0,0.0,False,False,False,False,False,False,False,False,False,0.0,18950.0,2022-07-01,0,0,71700,78050,0.92,-0.92,False,False,False,17325.0,0.0
1979,2022-07-01 12:19:00+05:30,0.9,0.9,0.9,0.9,0,19250,28.28,-100.0,NIFTY2270717150CE,CE,17150.0,2022-07-07,50,NIFTY,80.0,0.973,19160.0,0.0,False,False,False,False,False,False,False,False,False,0.0,18950.0,2022-07-01,0,0,71700,78050,0.92,-0.92,False,False,False,17325.0,0.0
1980,2022-07-01 12:20:00+05:30,0.9,0.9,0.9,0.9,0,19250,28.28,-100.0,NIFTY2270717150CE,CE,17150.0,2022-07-07,50,NIFTY,50.0,0.971,19150.0,0.0,False,False,False,False,False,False,False,False,False,0.0,18950.0,2022-07-01,0,0,71700,78050,0.92,-0.92,False,False,False,17325.0,0.0
1981,2022-07-01 12:21:00+05:30,0.9,0.9,0.9,0.9,0,19250,28.28,-100.0,NIFTY2270717150CE,CE,17150.0,2022-07-07,50,NIFTY,35.0,0.9690000000000001,19140.0,0.0,False,False,False,False,False,False,False,False,False,0.0,18950.0,2022-07-01,0,0,71700,78050,0.92,-0.92,False,False,False,17325.0,0.0
1982,2022-07-01 12:22:00+05:30,0.9,0.9,0.9,0.9,0,19250,28.28,-100.0,NIFTY2270717150CE,CE,17150.0,2022-07-07,50,NIFTY,35.0,0.9670000000000001,19130.0,0.0,False,False,False,False,False,False,False,False,False,0.0,18950.0,2022-07-01,0,0,71700,78050,0.92,-0.92,False,False,False,17325.0,0.0
1983,2022-07-01 12:23:00+05:30,0.9,0.9,0.9,0.9,0,19250,28.28,,NIFTY2270717150CE,CE,17150.0,2022-07-07,50,NIFTY,22.5,0.965,19140.0,0.0,False,False,False,False,False,False,False,False,False,0.0,18950.0,2022-07-01,0,0,71700,78050,0.92,-0.92,False,False,False,17325.0,0.0
1984,2022-07-01 12:24:00+05:30,0.9,0.9,0.9,0.9,0,19250,28.28,,NIFTY2270717150CE,CE,17150.0,2022-07-07,50,NIFTY,22.5,0.963,19150.0,0.0,False,False,False,False,False,False,False,False,False,0.0,18950.0,2022-07-01,0,0,71700,78050,0.92,-0.92,False,False,False,17325.0,0.0
1985,2022-07-01 12:25:00+05:30,0.9,0.9,0.9,0.9,0,19250,28.28,,NIFTY2270717150CE,CE,17150.0,2022-07-07,50,NIFTY,22.5,0.961,19160.0,0.0,False,False,False,False,False,False,False,False,False,0.0,18950.0,2022-07-01,0,0,71700,78050,0.92,-0.92,False,False,False,17325.0,0.0
1986,2022-07-01 12:26:00+05:30,0.9,0.9,0.9,0.9,0,19250,28.28,,NIFTY2270717150CE,CE,17150.0,2022-07-07,50,NIFTY,20.0,0.9590000000000001,19170.0,0.0,False,False,False,False,False,False,False,False,False,0.0,18950.0,2022-07-01,0,0,71700,78050,0.92,-0.92,False,False,False,17325.0,0.0
1987,2022-07-01 12:27:00+05:30,0.9,0.9,0.9,0.9,0,19250,28.28,,NIFTY2270717150CE,CE,17150.0,2022-07-07,50,NIFTY,20.0,0.9570000000000001,19180.0,0.0,False,False,False,False,False,False,False,False,False,0.0,18950.0,2022-07-01,0,0,71700,78050,0.92,-0.92,False,False,False,17325.0,0.0
1988,2022-07-01 12:28:00+05:30,0.9,0.9,0.9,0.9,0,19250,28.28,,NIFTY2270717150CE,CE,17150.0,2022-07-07,50,NIFTY,12.5,0.955,19190.0,0.0,False,False,False,False,False,False,False,False,False,0.0,18950.0,2022-07-01,0,0,71700,78050,0.92,-0.92,False,False,False,17325.0,0.0
1989,2022-07-01 12:29:00+05:30,0.9,0.9,0.9,0.9,0,19250,28.28,,NIFTY2270717150CE,CE,17150.0,2022-07-07,50,NIFTY,12.5,0.9519999999999998,19200.0,0.0,False,False,False,False,False,False,False,False,False,0.0,18950.0,2022-07-01,0,0,71700,78050,0.92,-0.92,False,False,False,17325.0,0.0
1990,2022-07-01 12:30:00+05:30,0.9,0.9,0.9,0.9,0,19250,28.28,,NIFTY2270717150CE,CE,17150.0,2022-07-07,50,NIFTY,12.5,0.949,19210.0,0.0,False,False,False,False,False,False,False,False,False,0.0,18950.0,2022-07-01,0,0,71700,78050,0.92,-0.92,False,False,False,17325.0,0.0
1991,2022-07-01 12:31:00+05:30,0.9,0.9,0.9,0.9,0,19250,28.28,,NIFTY2270717150CE,CE,17150.0,2022-07-07,50,NIFTY,12.5,0.948,19220.0,0.0,False,False,False,False,False,False,False,False,False,0.0,18950.0,2022-07-01,0,0,71700,78050,0.92,-0.92,False,False,False,17325.0,0.0
1992,2022-07-01 12:32:00+05:30,0.9,0.9,0.9,0.9,0,19250,28.28,,NIFTY2270717150CE,CE,17150.0,2022-07-07,50,NIFTY,12.5,0.9470000000000001,19230.0,0.0,False,False,False,False,False,False,False,False,False,0.0,18950.0,2022-07-01,0,0,71700,78050,0.92,-0.92,False,False,False,17325.0,0.0
1993,2022-07-01 12:33:00+05:30,0.9,0.9,0.9,0.9,0,19250,28.28,,NIFTY2270717150CE,CE,17150.0,2022-07-07,50,NIFTY,12.5,0.946,19240.0,0.0,False,False,False,False,False,False,False,False,False,0.0,18950.0,2022-07-01,0,0,71700,78050,0.92,-0.92,False,False,False,17325.0,0.0
1994,2022-07-01 12:34:00+05:30,0.9,0.9,0.9,0.9,0,19250,28.28,,NIFTY2270717150CE,CE,17150.0,2022-07-07,50,NIFTY,12.5,0.945,19250.0,0.0,False,False,False,False,False,False,False,False,False,0.0,18950.0,2022-07-01,0,0,71700,78050,0.92,-0.92,False,False,False,17325.0,0.0
1995,2022-07-01 12:35:00+05:30,0.9,0.9,0.9,0.9,750,19000,28.28,,NIFTY2270717150CE,CE,17150.0,2022-07-07,50,NIFTY,37.5,0.944,19237.5,20.0,True,True,True,False,False,False,False,False,False,-250.0,18700.0,2022-07-01,0,0,71700,78800,0.91,-0.91,False,True,False,17100.0,250.0
1996,2022-07-01 12:36:00+05:30,0.9,0.9,0.9,0.9,0,19000,28.28,,NIFTY2270717150CE,CE,17150.0,2022-07-07,50,NIFTY,37.5,0.9420000000000001,19225.0,0.0,True,False,False,False,False,False,False,False,False,0.0,18700.0,2022-07-01,0,0,71700,78800,0.91,-0.91,False,False,False,17100.0,0.0
1997,2022-07-01 12:37:00+05:30,0.9,0.95,0.9,0.95,0,19000,72.03,100.0,NIFTY2270717150CE,CE,17150.0,2022-07-07,50,NIFTY,37.5,0.9420000000000001,19212.5,0.0,True,False,False,True,False,False,True,True,True,0.0,18700.0,2022-07-01,0,0,71700,78800,0.91,-0.91,True,False,False,17575.0,0.0
1998,2022-07-01 12:38:00+05:30,0.95,0.95,0.95,0.95,0,19000,72.03,100.0,NIFTY2270717150CE,CE,17150.0,2022-07-07,50,NIFTY,37.5,0.941,19200.0,0.0,True,False,False,True,False,False,True,False,False,0.0,18700.0,2022-07-01,0,0,71700,78800,0.91,-0.91,True,False,False,18050.0,0.0
1999,2022-07-01 12:39:00+05:30,0.95,0.95,0.95,0.95,100,19100,72.03,100.0,NIFTY2270717150CE,CE,17150.0,2022-07-07,50,NIFTY,42.5,0.941,19192.5,2.35,True,False,True,True,False,False,True,False,False,100.0,18800.0,2022-07-01,0,0,71700,78900,0.91,-0.91,True,False,False,18145.0,100.0
2000,2022-07-01 12:40:00+05:30,0.95,0.95,0.95,0.95,0,19100,72.03,100.0,NIFTY2270717150CE,CE,17150.0,2022-07-07,50,NIFTY,42.5,0.94,19185.0,0.0,True,False,False,True,False,False,True,False,False,0.0,18800.0,2022-07-01,0,0,71700,78900,0.91,-0.91,True,False,False,18145.0,0.0
2001,2022-07-01 12:41:00+05:30,0.95,0.95,0.9,0.9,300,19100,39.57,0.0,NIFTY2270717150CE,CE,17150.0,2022-07-07,50,NIFTY,57.5,0.938,19177.5,5.22,True,False,True,False,False,False,False,False,False,0.0,18800.0,2022-07-01,0,0,71700,79200,0.91,-0.91,False,False,False,17667.5,0.0
2002,2022-07-01 12:42:00+05:30,0.9,0.9,0.9,0.9,0,19100,39.57,0.0,NIFTY2270717150CE,CE,17150.0,2022-07-07,50,NIFTY,57.5,0.9359999999999999,19170.0,0.0,True,False,False,False,False,False,False,False,False,0.0,18800.0,2022-07-01,0,0,71700,79200,0.91,-0.91,False,False,False,17190.0,0.0
2003,2022-07-01 12:43:00+05:30,0.9,0.9,0.9,0.9,0,19100,39.57,0.0,NIFTY2270717150CE,CE,17150.0,2022-07-07,50,NIFTY,57.5,0.934,19162.5,0.0,True,False,False,False,False,False,False,False,False,0.0,18800.0,2022-07-01,0,0,71700,79200,0.91,-0.91,False,False,False,17190.0,0.0
2004,2022-07-01 12:44:00+05:30,0.9,0.9,0.9,0.9,0,19100,39.57,0.0,NIFTY2270717150CE,CE,17150.0,2022-07-07,50,NIFTY,57.5,0.932,19155.0,0.0,True,False,False,False,False,False,False,False,False,0.0,18800.0,2022-07-01,0,0,71700,79200,0.91,-0.91,False,False,False,17190.0,0.0
2005,2022-07-01 12:45:00+05:30,0.9,0.9,0.9,0.9,0,19100,39.57,-100.0,NIFTY2270717150CE,CE,17150.0,2022-07-07,50,NIFTY,57.5,0.93,19147.5,0.0,True,False,False,False,False,False,False,False,False,0.0,18800.0,2022-07-01,0,0,71700,79200,0.91,-0.91,False,False,False,17190.0,0.0
2006,2022-07-01 12:46:00+05:30,0.9,0.9,0.9,0.9,0,19100,39.57,-100.0,NIFTY2270717150CE,CE,17150.0,2022-07-07,50,NIFTY,57.5,0.9279999999999999,19140.0,0.0,True,False,False,False,False,False,False,False,False,0.0,18800.0,2022-07-01,0,0,71700,79200,0.91,-0.91,False,False,False,17190.0,0.0
2007,2022-07-01 12:47:00+05:30,0.9,0.9,0.9,0.9,0,19100,39.57,-100.0,NIFTY2270717150CE,CE,17150.0,2022-07-07,50,NIFTY,57.5,0.9259999999999999,19132.5,0.0,True,False,False,False,False,False,False,False,False,0.0,18800.0,2022-07-01,0,0,71700,79200,0.91,-0.91,False,False,False,17190.0,0.0
2008,2022-07-01 12:48:00+05:30,0.9,0.9,0.9,0.9,0,19100,39.57,-100.0,NIFTY2270717150CE,CE,17150.0,2022-07-07,50,NIFTY,57.5,0.924,19125.0,0.0,True,False,False,False,False,False,False,False,False,0.0,18800.0,2022-07-01,0,0,71700,79200,0.91,-0.91,False,False,False,17190.0,0.0
2009,2022-07-01 12:49:00+05:30,0.9,0.9,0.9,0.9,0,19100,39.57,,NIFTY2270717150CE,CE,17150.0,2022-07-07,50,NIFTY,57.5,0.922,19117.5,0.0,True,False,False,False,False,False,False,False,False,0.0,18800.0,2022-07-01,0,0,71700,79200,0.91,-0.91,False,False,False,17190.0,0.0
2010,2022-07-01 12:51:00+05:30,0.9,0.9,0.9,0.9,0,19100,39.57,,NIFTY2270717150CE,CE,17150.0,2022-07-07,50,NIFTY,57.5,0.9209999999999999,19110.0,0.0,True,False,False,False,False,False,False,False,False,0.0,18800.0,2022-07-01,0,0,71700,79200,0.91,-0.91,False,False,False,17190.0,0.0
2011,2022-07-01 12:52:00+05:30,0.9,0.9,0.9,0.9,100,19200,39.57,,NIFTY2270717150CE,CE,17150.0,2022-07-07,50,NIFTY,62.5,0.92,19107.5,1.6,False,False,True,False,False,False,False,False,False,100.0,18900.0,2022-07-01,0,0,71700,79300,0.9,-0.9,False,True,False,17280.0,100.0
2012,2022-07-01 12:55:00+05:30,0.9,0.9,0.9,0.9,1200,19200,39.57,,NIFTY2270717150CE,CE,17150.0,2022-07-07,50,NIFTY,122.5,0.919,19105.0,9.8,False,False,True,False,False,False,False,False,False,0.0,18900.0,2022-07-01,0,0,71700,80500,0.89,-0.89,True,True,False,17280.0,0.0
2013,2022-07-01 12:56:00+05:30,0.9,0.9,0.9,0.9,350,19200,39.57,,NIFTY2270717150CE,CE,17150.0,2022-07-07,50,NIFTY,140.0,0.917,19102.5,2.5,False,False,True,False,False,False,False,False,False,0.0,18900.0,2022-07-01,0,0,71700,80850,0.89,-0.89,True,False,False,17280.0,0.0
2014,2022-07-01 12:57:00+05:30,0.9,0.9,0.85,0.85,100,20300,18.14,-100.0,NIFTY2270717150CE,CE,17150.0,2022-07-07,50,NIFTY,145.0,0.914,19155.0,0.69,False,False,True,False,False,True,False,False,False,1100.0,20000.0,2022-07-01,0,0,71700,80950,0.89,-0.89,False,False,False,17762.5,1100.0
2015,2022-07-01 12:58:00+05:30,0.85,0.85,0.85,0.85,0,20300,18.14,-100.0,NIFTY2270717150CE,CE,17150.0,2022-07-07,50,NIFTY,107.5,0.9109999999999999,19220.0,0.0,False,False,False,False,False,True,False,False,False,0.0,20000.0,2022-07-01,0,0,71700,80950,0.89,-0.89,False,False,False,17255.0,0.0
2016,2022-07-01 12:59:00+05:30,0.85,0.85,0.85,0.85,0,20300,18.14,-100.0,NIFTY2270717150CE,CE,17150.0,2022-07-07,50,NIFTY,107.5,0.909,19285.0,0.0,False,False,False,False,False,True,False,False,False,0.0,20000.0,2022-07-01,0,0,71700,80950,0.89,-0.89,False,False,False,17255.0,0.0
2017,2022-07-01 13:00:00+05:30,0.9,0.9,0.9,0.9,50,20200,51.17,0.0,NIFTY2270717150CE,CE,17150.0,2022-07-07,50,NIFTY,110.0,0.9079999999999999,19345.0,0.45,False,True,True,False,False,False,False,True,False,-100.0,19900.0,2022-07-01,0,0,71700,81000,0.89,-0.89,True,False,False,18180.0,100.0
2018,2022-07-01 13:01:00+05:30,0.9,0.9,0.9,0.9,0,20200,51.17,0.0,NIFTY2270717150CE,CE,17150.0,2022-07-07,50,NIFTY,110.0,0.9069999999999999,19405.0,0.0,False,False,False,False,False,False,False,False,False,0.0,19900.0,2022-07-01,0,0,71700,81000,0.89,-0.89,True,False,False,18180.0,0.0
2019,2022-07-01 13:02:00+05:30,0.9,0.9,0.9,0.9,0,20200,51.17,0.0,NIFTY2270717150CE,CE,17150.0,2022-07-07,50,NIFTY,105.0,0.9060000000000001,19460.0,0.0,False,False,False,False,False,False,False,False,False,0.0,19900.0,2022-07-01,0,0,71700,81000,0.89,-0.89,True,False,False,18180.0,0.0
2020,2022-07-01 13:03:00+05:30,0.9,0.9,0.9,0.9,0,20200,51.17,0.0,NIFTY2270717150CE,CE,17150.0,2022-07-07,50,NIFTY,105.0,0.905,19515.0,0.0,False,False,False,False,False,False,False,False,False,0.0,19900.0,2022-07-01,0,0,71700,81000,0.89,-0.89,True,False,False,18180.0,0.0
2021,2022-07-01 13:04:00+05:30,0.9,0.9,0.9,0.9,100,20250,51.17,0.0,NIFTY2270717150CE,CE,17150.0,2022-07-07,50,NIFTY,95.0,0.904,19572.5,1.05,False,False,False,False,False,False,False,False,False,50.0,19950.0,2022-07-01,0,0,71700,81100,0.88,-0.88,True,True,False,18225.0,50.0
2022,2022-07-01 13:06:00+05:30,0.9,0.9,0.9,0.9,200,20200,51.17,100.0,NIFTY2270717150CE,CE,17150.0,2022-07-07,50,NIFTY,105.0,0.903,19627.5,1.9,False,True,True,False,False,False,True,False,False,-50.0,19900.0,2022-07-01,0,0,71700,81300,0.88,-0.88,True,False,False,18180.0,50.0
2023,2022-07-01 13:07:00+05:30,0.9,0.9,0.9,0.9,0,20200,51.17,100.0,NIFTY2270717150CE,CE,17150.0,2022-07-07,50,NIFTY,105.0,0.902,19682.5,0.0,False,False,False,False,False,False,True,False,False,0.0,19900.0,2022-07-01,0,0,71700,81300,0.88,-0.88,True,False,False,18180.0,0.0
2024,2022-07-01 13:08:00+05:30,0.9,0.9,0.9,0.9,0,20200,51.17,100.0,NIFTY2270717150CE,CE,17150.0,2022-07-07,50,NIFTY,105.0,0.9010000000000001,19737.5,0.0,False,False,False,False,False,False,True,False,False,0.0,19900.0,2022-07-01,0,0,71700,81300,0.88,-0.88,True,False,False,18180.0,0.0
2025,2022-07-01 13:09:00+05:30,0.9,0.9,0.9,0.9,0,20200,51.17,,NIFTY2270717150CE,CE,17150.0,2022-07-07,50,NIFTY,105.0,0.9010000000000001,19792.5,0.0,False,False,False,False,False,False,False,False,False,0.0,19900.0,2022-07-01,0,0,71700,81300,0.88,-0.88,True,False,False,18180.0,0.0
2026,2022-07-01 13:10:00+05:30,0.9,0.95,0.9,0.95,1050,20350,72.66,100.0,NIFTY2270717150CE,CE,17150.0,2022-07-07,50,NIFTY,157.5,0.902,19855.0,6.67,False,False,True,True,False,False,True,True,True,150.0,20050.0,2022-07-01,0,0,71700,82350,0.87,-0.87,True,True,False,18823.75,150.0
2027,2022-07-01 13:11:00+05:30,0.95,0.95,0.95,0.95,0,20350,72.66,100.0,NIFTY2270717150CE,CE,17150.0,2022-07-07,50,NIFTY,157.5,0.903,19917.5,0.0,False,False,False,True,False,False,True,False,False,0.0,20050.0,2022-07-01,0,0,71700,82350,0.87,-0.87,True,False,False,19332.5,0.0
2028,2022-07-01 13:12:00+05:30,0.95,0.95,0.95,0.95,0,20350,72.66,100.0,NIFTY2270717150CE,CE,17150.0,2022-07-07,50,NIFTY,157.5,0.904,19980.0,0.0,False,False,False,True,False,False,True,False,False,0.0,20050.0,2022-07-01,0,0,71700,82350,0.87,-0.87,True,False,False,19332.5,0.0
2029,2022-07-01 13:13:00+05:30,0.95,0.95,0.95,0.95,35000,21000,72.66,100.0,NIFTY2270717150CE,CE,17150.0,2022-07-07,50,NIFTY,1907.5,0.905,20075.0,18.35,False,False,True,True,False,False,True,False,False,650.0,20700.0,2022-07-01,0,0,71700,117350,0.61,-0.61,True,True,False,19950.0,650.0
2030,2022-07-01 13:14:00+05:30,0.95,0.95,0.95,0.95,33550,21000,72.66,100.0,NIFTY2270717150CE,CE,17150.0,2022-07-07,50,NIFTY,3585.0,0.9060000000000001,20170.0,9.36,False,False,True,True,False,False,True,False,False,0.0,20700.0,2022-07-01,0,0,71700,150900,0.48,-0.48,True,True,False,19950.0,0.0
2031,2022-07-01 13:15:00+05:30,0.95,1.0,0.9,0.9,29600,21650,44.37,0.0,NIFTY2270717150CE,CE,17150.0,2022-07-07,50,NIFTY,5060.0,0.9059999999999999,20292.5,5.85,False,False,True,False,False,False,False,False,False,650.0,21350.0,2022-07-01,0,0,71700,180500,0.4,-0.4,True,True,False,20567.5,650.0
2032,2022-07-01 13:16:00+05:30,0.9,0.95,0.9,0.95,33750,21650,60.81,33.33333333333333,NIFTY2270717150CE,CE,17150.0,2022-07-07,50,NIFTY,6687.5,0.907,20415.0,5.05,False,False,True,True,False,False,False,True,True,0.0,21350.0,2022-07-01,0,0,71700,214250,0.33,-0.33,True,True,False,20026.25,0.0
2033,2022-07-01 13:17:00+05:30,0.95,0.95,0.95,0.95,250,21650,60.81,33.33333333333333,NIFTY2270717150CE,CE,17150.0,2022-07-07,50,NIFTY,6682.5,0.9079999999999999,20537.5,0.04,False,False,False,True,False,False,False,False,False,0.0,21350.0,2022-07-01,0,0,71700,214500,0.33,-0.33,True,False,False,20567.5,0.0
2034,2022-07-01 13:18:00+05:30,0.95,0.95,0.95,0.95,0,21650,60.81,0.0,NIFTY2270717150CE,CE,17150.0,2022-07-07,50,NIFTY,6677.5,0.909,20605.0,0.0,False,False,False,True,False,False,False,False,False,0.0,21350.0,2022-07-01,0,0,71700,214500,0.33,-0.33,True,False,False,20567.5,0.0
2035,2022-07-01 13:19:00+05:30,0.95,0.95,0.95,0.95,0,21650,60.81,0.0,NIFTY2270717150CE,CE,17150.0,2022-07-07,50,NIFTY,6677.5,0.91,20672.5,0.0,False,False,False,True,False,False,False,False,False,0.0,21350.0,2022-07-01,0,0,71700,214500,0.33,-0.33,True,False,False,20567.5,0.0
2036,2022-07-01 13:20:00+05:30,0.95,0.95,0.95,0.95,0,21650,60.81,0.0,NIFTY2270717150CE,CE,17150.0,2022-07-07,50,NIFTY,6677.5,0.9109999999999999,20740.0,0.0,False,False,False,True,False,False,False,False,False,0.0,21350.0,2022-07-01,0,0,71700,214500,0.33,-0.33,True,False,False,20567.5,0.0
2037,2022-07-01 13:21:00+05:30,0.95,0.95,0.95,0.95,0,21650,60.81,0.0,NIFTY2270717150CE,CE,17150.0,2022-07-07,50,NIFTY,6675.0,0.912,20812.5,0.0,False,False,False,True,False,False,False,False,False,0.0,21350.0,2022-07-01,0,0,71700,214500,0.33,-0.33,True,False,False,20567.5,0.0
2038,2022-07-01 13:22:00+05:30,0.95,0.95,0.95,0.95,0,21650,60.81,0.0,NIFTY2270717150CE,CE,17150.0,2022-07-07,50,NIFTY,6675.0,0.9129999999999999,20885.0,0.0,False,False,False,True,False,False,False,False,False,0.0,21350.0,2022-07-01,0,0,71700,214500,0.33,-0.33,True,False,False,20567.5,0.0
2039,2022-07-01 13:23:00+05:30,0.95,0.95,0.95,0.95,100,22700,60.81,100.0,NIFTY2270717150CE,CE,17150.0,2022-07-07,50,NIFTY,6680.0,0.914,21010.0,0.01,False,False,True,True,False,False,True,False,False,1050.0,22400.0,2022-07-01,0,0,71700,214600,0.33,-0.33,True,False,False,21565.0,1050.0
2040,2022-07-01 13:24:00+05:30,0.95,0.95,0.95,0.95,0,22700,60.81,,NIFTY2270717150CE,CE,17150.0,2022-07-07,50,NIFTY,6680.0,0.915,21135.0,0.0,False,False,False,True,False,False,False,False,False,0.0,22400.0,2022-07-01,0,0,71700,214600,0.33,-0.33,True,False,False,21565.0,0.0
2041,2022-07-01 13:25:00+05:30,0.95,0.95,0.95,0.95,0,22700,60.81,,NIFTY2270717150CE,CE,17150.0,2022-07-07,50,NIFTY,6675.0,0.9159999999999999,21257.5,0.0,False,False,False,True,False,False,False,False,False,0.0,22400.0,2022-07-01,0,0,71700,214600,0.33,-0.33,True,False,False,21565.0,0.0
2042,2022-07-01 13:26:00+05:30,0.95,0.95,0.95,0.95,0,22700,60.81,,NIFTY2270717150CE,CE,17150.0,2022-07-07,50,NIFTY,6665.0,0.917,21382.5,0.0,False,False,False,True,False,False,False,False,False,0.0,22400.0,2022-07-01,0,0,71700,214600,0.33,-0.33,True,False,False,21565.0,0.0
2043,2022-07-01 13:27:00+05:30,0.95,0.95,0.95,0.95,0,22700,60.81,,NIFTY2270717150CE,CE,17150.0,2022-07-07,50,NIFTY,6665.0,0.9179999999999999,21507.5,0.0,False,False,False,True,False,False,False,False,False,0.0,22400.0,2022-07-01,0,0,71700,214600,0.33,-0.33,True,False,False,21565.0,0.0
2044,2022-07-01 13:28:00+05:30,0.95,0.95,0.95,0.95,0,22700,60.81,,NIFTY2270717150CE,CE,17150.0,2022-07-07,50,NIFTY,6665.0,0.919,21632.5,0.0,False,False,False,True,False,False,False,False,False,0.0,22400.0,2022-07-01,0,0,71700,214600,0.33,-0.33,True,False,False,21565.0,0.0
2045,2022-07-01 13:29:00+05:30,0.95,0.95,0.95,0.95,0,22700,60.81,,NIFTY2270717150CE,CE,17150.0,2022-07-07,50,NIFTY,6665.0,0.92,21757.5,0.0,False,False,False,True,False,False,False,False,False,0.0,22400.0,2022-07-01,0,0,71700,214600,0.33,-0.33,True,False,False,21565.0,0.0
2046,2022-07-01 13:30:00+05:30,0.95,0.95,0.95,0.95,0,22700,60.81,,NIFTY2270717150CE,CE,17150.0,2022-07-07,50,NIFTY,6612.5,0.9209999999999999,21875.0,0.0,False,False,False,True,False,False,False,False,False,0.0,22400.0,2022-07-01,0,0,71700,214600,0.33,-0.33,True,False,False,21565.0,0.0
2047,2022-07-01 13:31:00+05:30,0.95,0.95,0.95,0.95,0,22700,60.81,,NIFTY2270717150CE,CE,17150.0,2022-07-07,50,NIFTY,6612.5,0.921,21992.5,0.0,False,False,False,True,False,False,False,False,False,0.0,22400.0,2022-07-01,0,0,71700,214600,0.33,-0.33,True,False,False,21565.0,0.0
2048,2022-07-01 13:32:00+05:30,0.95,0.95,0.95,0.95,0,22700,60.81,,NIFTY2270717150CE,CE,17150.0,2022-07-07,50,NIFTY,6612.5,0.9209999999999999,22110.0,0.0,False,False,False,True,False,False,False,False,False,0.0,22400.0,2022-07-01,0,0,71700,214600,0.33,-0.33,True,False,False,21565.0,0.0
2049,2022-07-01 13:33:00+05:30,0.95,0.95,0.95,0.95,0,22700,60.81,,NIFTY2270717150CE,CE,17150.0,2022-07-07,50,NIFTY,4862.5,0.921,22195.0,0.0,False,False,False,True,False,False,False,False,False,0.0,22400.0,2022-07-01,0,0,71700,214600,0.33,-0.33,True,False,False,21565.0,0.0
2050,2022-07-01 13:34:00+05:30,0.95,0.95,0.95,0.95,0,22700,60.81,,NIFTY2270717150CE,CE,17150.0,2022-07-07,50,NIFTY,3185.0,0.9209999999999999,22280.0,0.0,False,False,False,True,False,False,False,False,False,0.0,22400.0,2022-07-01,0,0,71700,214600,0.33,-0.33,True,False,False,21565.0,0.0
2051,2022-07-01 13:35:00+05:30,0.95,0.95,0.95,0.95,0,22700,60.81,,NIFTY2270717150CE,CE,17150.0,2022-07-07,50,NIFTY,1705.0,0.922,22332.5,0.0,False,False,False,True,False,False,False,False,False,0.0,22400.0,2022-07-01,0,0,71700,214600,0.33,-0.33,True,False,False,21565.0,0.0
2052,2022-07-01 13:36:00+05:30,0.95,0.95,0.95,0.95,0,22700,60.81,,NIFTY2270717150CE,CE,17150.0,2022-07-07,50,NIFTY,17.5,0.9230000000000002,22385.0,0.0,False,False,False,True,False,False,False,False,False,0.0,22400.0,2022-07-01,0,0,71700,214600,0.33,-0.33,True,False,False,21565.0,0.0
2053,2022-07-01 13:37:00+05:30,0.95,0.95,0.95,0.95,0,22700,60.81,,NIFTY2270717150CE,CE,17150.0,2022-07-07,50,NIFTY,5.0,0.9239999999999999,22437.5,0.0,False,False,False,True,False,False,False,False,False,0.0,22400.0,2022-07-01,0,0,71700,214600,0.33,-0.33,True,False,False,21565.0,0.0
2054,2022-07-01 13:38:00+05:30,0.95,0.95,0.95,0.95,0,22700,60.81,,NIFTY2270717150CE,CE,17150.0,2022-07-07,50,NIFTY,5.0,0.925,22490.0,0.0,False,False,False,True,False,False,False,False,False,0.0,22400.0,2022-07-01,0,0,71700,214600,0.33,-0.33,True,False,False,21565.0,0.0
2055,2022-07-01 13:39:00+05:30,0.95,0.95,0.95,0.95,0,22800,60.81,,NIFTY2270717150CE,CE,17150.0,2022-07-07,50,NIFTY,5.0,0.9259999999999999,22547.5,0.0,False,False,False,True,False,False,False,False,False,100.0,22500.0,2022-07-01,0,0,71700,214600,0.33,-0.33,True,False,False,21660.0,100.0
2056,2022-07-01 13:40:00+05:30,0.95,0.95,0.95,0.95,0,22800,60.81,,NIFTY2270717150CE,CE,17150.0,2022-07-07,50,NIFTY,5.0,0.927,22605.0,0.0,False,False,False,True,False,False,False,False,False,0.0,22500.0,2022-07-01,0,0,71700,214600,0.33,-0.33,True,False,False,21660.0,0.0
2057,2022-07-01 13:41:00+05:30,0.95,0.95,0.95,0.95,0,22800,60.81,,NIFTY2270717150CE,CE,17150.0,2022-07-07,50,NIFTY,5.0,0.9280000000000002,22662.5,0.0,False,False,False,True,False,False,False,False,False,0.0,22500.0,2022-07-01,0,0,71700,214600,0.33,-0.33,True,False,False,21660.0,0.0
2058,2022-07-01 13:42:00+05:30,0.95,0.95,0.95,0.95,0,22800,60.81,,NIFTY2270717150CE,CE,17150.0,2022-07-07,50,NIFTY,5.0,0.9289999999999999,22720.0,0.0,False,False,False,True,False,False,False,False,False,0.0,22500.0,2022-07-01,0,0,71700,214600,0.33,-0.33,True,False,False,21660.0,0.0
2059,2022-07-01 13:43:00+05:30,0.95,0.95,0.95,0.95,0,22800,60.81,,NIFTY2270717150CE,CE,17150.0,2022-07-07,50,NIFTY,0.0,0.93,22725.0,,False,False,False,True,False,False,False,False,False,0.0,22500.0,2022-07-01,0,0,71700,214600,0.33,-0.33,True,False,False,21660.0,0.0
2060,2022-07-01 13:44:00+05:30,0.95,0.95,0.95,0.95,0,22800,60.81,,NIFTY2270717150CE,CE,17150.0,2022-07-07,50,NIFTY,0.0,0.9309999999999999,22730.0,,False,False,False,True,False,False,False,False,False,0.0,22500.0,2022-07-01,0,0,71700,214600,0.33,-0.33,True,False,False,21660.0,0.0
2061,2022-07-01 13:45:00+05:30,0.95,0.95,0.95,0.95,0,22800,60.81,,NIFTY2270717150CE,CE,17150.0,2022-07-07,50,NIFTY,0.0,0.932,22735.0,,False,False,False,True,False,False,False,False,False,0.0,22500.0,2022-07-01,0,0,71700,214600,0.33,-0.33,True,False,False,21660.0,0.0
2062,2022-07-01 13:46:00+05:30,0.9,0.9,0.9,0.9,0,22850,16.31,-100.0,NIFTY2270717150CE,CE,17150.0,2022-07-07,50,NIFTY,0.0,0.932,22742.5,,False,False,False,False,False,True,False,False,False,50.0,22550.0,2022-07-01,0,0,71700,214600,0.33,-0.33,True,False,False,20565.0,50.0
2063,2022-07-01 13:47:00+05:30,0.9,0.9,0.9,0.9,0,22850,16.31,-100.0,NIFTY2270717150CE,CE,17150.0,2022-07-07,50,NIFTY,0.0,0.9319999999999999,22750.0,,False,False,False,False,False,True,False,False,False,0.0,22550.0,2022-07-01,0,0,71700,214600,0.33,-0.33,True,False,False,20565.0,0.0
2064,2022-07-01 13:48:00+05:30,0.95,0.95,0.95,0.95,1000,22800,54.73,0.0,NIFTY2270717150CE,CE,17150.0,2022-07-07,50,NIFTY,50.0,0.934,22755.0,20.0,False,True,True,True,False,False,False,True,False,-50.0,22500.0,2022-07-01,0,0,71700,215600,0.33,-0.33,True,False,False,21660.0,50.0
2065,2022-07-01 13:49:00+05:30,0.95,0.95,0.95,0.95,0,22800,54.73,0.0,NIFTY2270717150CE,CE,17150.0,2022-07-07,50,NIFTY,50.0,0.9359999999999999,22760.0,0.0,False,False,False,True,False,False,False,False,False,0.0,22500.0,2022-07-01,0,0,71700,215600,0.33,-0.33,True,False,False,21660.0,0.0
2066,2022-07-01 13:50:00+05:30,0.95,0.95,0.95,0.95,0,22800,54.73,0.0,NIFTY2270717150CE,CE,17150.0,2022-07-07,50,NIFTY,50.0,0.938,22765.0,0.0,False,False,False,True,False,False,False,False,False,0.0,22500.0,2022-07-01,0,0,71700,215600,0.33,-0.33,True,False,False,21660.0,0.0
2067,2022-07-01 13:51:00+05:30,0.95,0.95,0.95,0.95,0,22800,54.73,0.0,NIFTY2270717150CE,CE,17150.0,2022-07-07,50,NIFTY,50.0,0.9390000000000001,22770.0,0.0,False,False,False,True,False,False,False,False,False,0.0,22500.0,2022-07-01,0,0,71700,215600,0.33,-0.33,True,False,False,21660.0,0.0
2068,2022-07-01 13:52:00+05:30,0.95,0.95,0.95,0.95,0,22800,54.73,0.0,NIFTY2270717150CE,CE,17150.0,2022-07-07,50,NIFTY,50.0,0.9399999999999998,22775.0,0.0,False,False,False,True,False,False,False,False,False,0.0,22500.0,2022-07-01,0,0,71700,215600,0.33,-0.33,True,False,False,21660.0,0.0
2069,2022-07-01 13:53:00+05:30,0.95,0.95,0.95,0.95,0,22800,54.73,0.0,NIFTY2270717150CE,CE,17150.0,2022-07-07,50,NIFTY,50.0,0.941,22780.0,0.0,False,False,False,True,False,False,False,False,False,0.0,22500.0,2022-07-01,0,0,71700,215600,0.33,-0.33,True,False,False,21660.0,0.0
2070,2022-07-01 13:54:00+05:30,0.95,0.95,0.95,0.95,0,22800,54.73,100.0,NIFTY2270717150CE,CE,17150.0,2022-07-07,50,NIFTY,50.0,0.9419999999999998,22785.0,0.0,False,False,False,True,False,False,True,False,False,0.0,22500.0,2022-07-01,0,0,71700,215600,0.33,-0.33,True,False,False,21660.0,0.0
2071,2022-07-01 13:55:00+05:30,0.95,0.95,0.95,0.95,0,22800,54.73,100.0,NIFTY2270717150CE,CE,17150.0,2022-07-07,50,NIFTY,50.0,0.943,22790.0,0.0,False,False,False,True,False,False,True,False,False,0.0,22500.0,2022-07-01,0,0,71700,215600,0.33,-0.33,True,False,False,21660.0,0.0
2072,2022-07-01 13:56:00+05:30,0.95,0.95,0.95,0.95,0,22800,54.73,,NIFTY2270717150CE,CE,17150.0,2022-07-07,50,NIFTY,50.0,0.9440000000000001,22795.0,0.0,False,False,False,True,False,False,False,False,False,0.0,22500.0,2022-07-01,0,0,71700,215600,0.33,-0.33,True,False,False,21660.0,0.0
2073,2022-07-01 13:57:00+05:30,0.95,0.95,0.95,0.95,0,22800,54.73,,NIFTY2270717150CE,CE,17150.0,2022-07-07,50,NIFTY,50.0,0.9449999999999998,22800.0,0.0,False,False,False,True,False,False,False,False,False,0.0,22500.0,2022-07-01,0,0,71700,215600,0.33,-0.33,True,False,False,21660.0,0.0
2074,2022-07-01 13:58:00+05:30,0.95,0.95,0.95,0.95,0,22800,54.73,,NIFTY2270717150CE,CE,17150.0,2022-07-07,50,NIFTY,50.0,0.946,22805.0,0.0,True,False,False,True,False,False,False,False,False,0.0,22500.0,2022-07-01,0,0,71700,215600,0.33,-0.33,True,False,False,21660.0,0.0
2075,2022-07-01 13:59:00+05:30,0.95,0.95,0.95,0.95,0,22800,54.73,,NIFTY2270717150CE,CE,17150.0,2022-07-07,50,NIFTY,50.0,0.9469999999999998,22805.0,0.0,True,False,False,True,False,False,False,False,False,0.0,22500.0,2022-07-01,0,0,71700,215600,0.33,-0.33,True,False,False,21660.0,0.0
2076,2022-07-01 14:00:00+05:30,0.95,0.95,0.95,0.95,0,22800,54.73,,NIFTY2270717150CE,CE,17150.0,2022-07-07,50,NIFTY,50.0,0.9469999999999998,22805.0,0.0,True,False,False,True,False,False,False,False,False,0.0,22500.0,2022-07-01,0,0,71700,215600,0.33,-0.33,True,False,False,21660.0,0.0
2077,2022-07-01 14:01:00+05:30,0.95,0.95,0.95,0.95,0,22800,54.73,,NIFTY2270717150CE,CE,17150.0,2022-07-07,50,NIFTY,50.0,0.9470000000000001,22805.0,0.0,True,False,False,True,False,False,False,False,False,0.0,22500.0,2022-07-01,0,0,71700,215600,0.33,-0.33,True,False,False,21660.0,0.0
2078,2022-07-01 14:02:00+05:30,0.95,0.95,0.95,0.95,0,22800,54.73,,NIFTY2270717150CE,CE,17150.0,2022-07-07,50,NIFTY,50.0,0.9469999999999998,22805.0,0.0,True,False,False,True,False,False,False,False,False,0.0,22500.0,2022-07-01,0,0,71700,215600,0.33,-0.33,True,False,False,21660.0,0.0
2079,2022-07-01 14:03:00+05:30,0.95,0.95,0.95,0.95,0,22800,54.73,,NIFTY2270717150CE,CE,17150.0,2022-07-07,50,NIFTY,50.0,0.9470000000000001,22805.0,0.0,True,False,False,True,False,False,False,False,False,0.0,22500.0,2022-07-01,0,0,71700,215600,0.33,-0.33,True,False,False,21660.0,0.0
2080,2022-07-01 14:04:00+05:30,0.95,0.95,0.95,0.95,0,22800,54.73,,NIFTY2270717150CE,CE,17150.0,2022-07-07,50,NIFTY,50.0,0.9469999999999998,22805.0,0.0,True,False,False,True,False,False,False,False,False,0.0,22500.0,2022-07-01,0,0,71700,215600,0.33,-0.33,True,False,False,21660.0,0.0
2081,2022-07-01 14:05:00+05:30,0.95,0.95,0.95,0.95,0,22800,54.73,,NIFTY2270717150CE,CE,17150.0,2022-07-07,50,NIFTY,50.0,0.948,22805.0,0.0,True,False,False,True,False,False,False,False,False,0.0,22500.0,2022-07-01,0,0,71700,215600,0.33,-0.33,True,False,False,21660.0,0.0
2082,2022-07-01 14:06:00+05:30,0.95,0.95,0.95,0.95,0,22800,54.73,,NIFTY2270717150CE,CE,17150.0,2022-07-07,50,NIFTY,50.0,0.948,22802.5,0.0,True,False,False,True,False,False,False,False,False,0.0,22500.0,2022-07-01,0,0,71700,215600,0.33,-0.33,True,False,False,21660.0,0.0
2083,2022-07-01 14:07:00+05:30,0.95,0.95,0.95,0.95,0,22800,54.73,,NIFTY2270717150CE,CE,17150.0,2022-07-07,50,NIFTY,50.0,0.948,22800.0,0.0,False,False,False,True,False,False,False,False,False,0.0,22500.0,2022-07-01,0,0,71700,215600,0.33,-0.33,True,False,False,21660.0,0.0
2084,2022-07-01 14:08:00+05:30,0.95,0.95,0.95,0.95,0,22800,54.73,,NIFTY2270717150CE,CE,17150.0,2022-07-07,50,NIFTY,0.0,0.948,22800.0,,False,False,False,True,False,False,False,False,False,0.0,22500.0,2022-07-01,0,0,71700,215600,0.33,-0.33,True,False,False,21660.0,0.0
2085,2022-07-01 14:09:00+05:30,0.95,0.95,0.95,0.95,0,22800,54.73,,NIFTY2270717150CE,CE,17150.0,2022-07-07,50,NIFTY,0.0,0.948,22800.0,,False,False,False,True,False,False,False,False,False,0.0,22500.0,2022-07-01,0,0,71700,215600,0.33,-0.33,True,False,False,21660.0,0.0
2086,2022-07-01 14:10:00+05:30,0.95,0.95,0.95,0.95,0,22800,54.73,,NIFTY2270717150CE,CE,17150.0,2022-07-07,50,NIFTY,0.0,0.948,22800.0,,False,False,False,True,False,False,False,False,False,0.0,22500.0,2022-07-01,0,0,71700,215600,0.33,-0.33,True,False,False,21660.0,0.0
2087,2022-07-01 14:11:00+05:30,0.95,0.95,0.95,0.95,0,22800,54.73,,NIFTY2270717150CE,CE,17150.0,2022-07-07,50,NIFTY,0.0,0.948,22800.0,,False,False,False,True,False,False,False,False,False,0.0,22500.0,2022-07-01,0,0,71700,215600,0.33,-0.33,True,False,False,21660.0,0.0
2088,2022-07-01 14:12:00+05:30,0.95,0.95,0.95,0.95,0,22800,54.73,,NIFTY2270717150CE,CE,17150.0,2022-07-07,50,NIFTY,0.0,0.948,22800.0,,False,False,False,True,False,False,False,False,False,0.0,22500.0,2022-07-01,0,0,71700,215600,0.33,-0.33,True,False,False,21660.0,0.0
2089,2022-07-01 14:13:00+05:30,0.95,0.95,0.95,0.95,0,22800,54.73,,NIFTY2270717150CE,CE,17150.0,2022-07-07,50,NIFTY,0.0,0.948,22800.0,,False,False,False,True,False,False,False,False,False,0.0,22500.0,2022-07-01,0,0,71700,215600,0.33,-0.33,True,False,False,21660.0,0.0
2090,2022-07-01 14:14:00+05:30,0.95,0.95,0.95,0.95,0,22800,54.73,,NIFTY2270717150CE,CE,17150.0,2022-07-07,50,NIFTY,0.0,0.948,22800.0,,False,False,False,True,False,False,False,False,False,0.0,22500.0,2022-07-01,0,0,71700,215600,0.33,-0.33,True,False,False,21660.0,0.0
2091,2022-07-01 14:15:00+05:30,0.95,0.95,0.95,0.95,0,22800,54.73,,NIFTY2270717150CE,CE,17150.0,2022-07-07,50,NIFTY,0.0,0.948,22800.0,,False,False,False,True,False,False,False,False,False,0.0,22500.0,2022-07-01,0,0,71700,215600,0.33,-0.33,True,False,False,21660.0,0.0
2092,2022-07-01 14:16:00+05:30,0.95,0.95,0.95,0.95,0,22800,54.73,,NIFTY2270717150CE,CE,17150.0,2022-07-07,50,NIFTY,0.0,0.948,22800.0,,False,False,False,True,False,False,False,False,False,0.0,22500.0,2022-07-01,0,0,71700,215600,0.33,-0.33,True,False,False,21660.0,0.0
2093,2022-07-01 14:17:00+05:30,0.95,0.95,0.95,0.95,0,22800,54.73,,NIFTY2270717150CE,CE,17150.0,2022-07-07,50,NIFTY,0.0,0.948,22800.0,,False,False,False,True,False,False,False,False,False,0.0,22500.0,2022-07-01,0,0,71700,215600,0.33,-0.33,True,False,False,21660.0,0.0
2094,2022-07-01 14:18:00+05:30,0.95,0.95,0.95,0.95,0,22800,54.73,,NIFTY2270717150CE,CE,17150.0,2022-07-07,50,NIFTY,0.0,0.948,22800.0,,False,False,False,True,False,False,False,False,False,0.0,22500.0,2022-07-01,0,0,71700,215600,0.33,-0.33,True,False,False,21660.0,0.0
2095,2022-07-01 14:19:00+05:30,0.95,0.95,0.95,0.95,0,22800,54.73,,NIFTY2270717150CE,CE,17150.0,2022-07-07,50,NIFTY,0.0,0.948,22800.0,,False,False,False,True,False,False,False,False,False,0.0,22500.0,2022-07-01,0,0,71700,215600,0.33,-0.33,True,False,False,21660.0,0.0
2096,2022-07-01 14:20:00+05:30,0.95,0.95,0.95,0.95,0,22800,54.73,,NIFTY2270717150CE,CE,17150.0,2022-07-07,50,NIFTY,0.0,0.948,22800.0,,False,False,False,True,False,False,False,False,False,0.0,22500.0,2022-07-01,0,0,71700,215600,0.33,-0.33,True,False,False,21660.0,0.0
2097,2022-07-01 14:21:00+05:30,0.95,0.95,0.95,0.95,0,22800,54.73,,NIFTY2270717150CE,CE,17150.0,2022-07-07,50,NIFTY,0.0,0.9479999999999998,22800.0,,False,False,False,True,False,False,False,False,False,0.0,22500.0,2022-07-01,0,0,71700,215600,0.33,-0.33,True,False,False,21660.0,0.0
2098,2022-07-01 14:22:00+05:30,0.95,0.95,0.95,0.95,0,22800,54.73,,NIFTY2270717150CE,CE,17150.0,2022-07-07,50,NIFTY,0.0,0.948,22800.0,,False,False,False,True,False,False,False,False,False,0.0,22500.0,2022-07-01,0,0,71700,215600,0.33,-0.33,True,False,False,21660.0,0.0
2099,2022-07-01 14:23:00+05:30,0.95,0.95,0.95,0.95,450,22750,54.73,,NIFTY2270717150CE,CE,17150.0,2022-07-07,50,NIFTY,22.5,0.948,22797.5,20.0,True,True,True,True,False,False,False,False,False,-50.0,22450.0,2022-07-01,0,0,71700,216050,0.33,-0.33,True,False,False,21612.5,50.0
2100,2022-07-01 14:24:00+05:30,0.95,0.95,0.95,0.95,0,22600,54.73,,NIFTY2270717150CE,CE,17150.0,2022-07-07,50,NIFTY,22.5,0.948,22787.5,0.0,True,True,False,True,False,False,False,False,False,-150.0,22300.0,2022-07-01,0,0,71700,216050,0.33,-0.33,True,False,False,21470.0,150.0
2101,2022-07-01 14:25:00+05:30,0.95,0.95,0.95,0.95,0,22600,54.73,,NIFTY2270717150CE,CE,17150.0,2022-07-07,50,NIFTY,22.5,0.948,22777.5,0.0,True,False,False,True,False,False,False,False,False,0.0,22300.0,2022-07-01,0,0,71700,216050,0.33,-0.33,True,False,False,21470.0,0.0
2102,2022-07-01 14:26:00+05:30,0.95,0.95,0.95,0.95,0,22600,54.73,,NIFTY2270717150CE,CE,17150.0,2022-07-07,50,NIFTY,22.5,0.9479999999999998,22767.5,0.0,True,False,False,True,False,False,False,False,False,0.0,22300.0,2022-07-01,0,0,71700,216050,0.33,-0.33,True,False,False,21470.0,0.0
2103,2022-07-01 14:27:00+05:30,0.95,0.95,0.95,0.95,0,22600,54.73,,NIFTY2270717150CE,CE,17150.0,2022-07-07,50,NIFTY,22.5,0.948,22757.5,0.0,True,False,False,True,False,False,False,False,False,0.0,22300.0,2022-07-01,0,0,71700,216050,0.33,-0.33,True,False,False,21470.0,0.0
2104,2022-07-01 14:28:00+05:30,0.95,0.95,0.9,0.9,300,22600,5.53,-100.0,NIFTY2270717150CE,CE,17150.0,2022-07-07,50,NIFTY,37.5,0.9469999999999998,22747.5,8.0,True,False,True,False,False,True,False,False,False,0.0,22300.0,2022-07-01,0,0,71700,216350,0.33,-0.33,True,False,False,20905.0,0.0
2105,2022-07-01 14:29:00+05:30,0.9,0.9,0.9,0.9,0,22600,5.53,-100.0,NIFTY2270717150CE,CE,17150.0,2022-07-07,50,NIFTY,37.5,0.946,22737.5,0.0,True,False,False,False,False,True,False,False,False,0.0,22300.0,2022-07-01,0,0,71700,216350,0.33,-0.33,True,False,False,20340.0,0.0
2106,2022-07-01 14:30:00+05:30,0.9,0.9,0.9,0.9,0,22600,5.53,-100.0,NIFTY2270717150CE,CE,17150.0,2022-07-07,50,NIFTY,37.5,0.945,22727.5,0.0,True,False,False,False,False,True,False,False,False,0.0,22300.0,2022-07-01,0,0,71700,216350,0.33,-0.33,True,False,False,20340.0,0.0
2107,2022-07-01 14:31:00+05:30,0.9,0.95,0.9,0.95,1250,22250,55.5,0.0,NIFTY2270717150CE,CE,17150.0,2022-07-07,50,NIFTY,100.0,0.9449999999999998,22700.0,12.5,True,True,True,True,False,False,False,True,True,-350.0,21950.0,2022-07-01,0,0,71700,217600,0.33,-0.33,True,False,False,20581.25,350.0
2108,2022-07-01 14:32:00+05:30,0.95,0.95,0.95,0.95,0,22250,55.5,0.0,NIFTY2270717150CE,CE,17150.0,2022-07-07,50,NIFTY,100.0,0.945,22672.5,0.0,True,False,False,True,False,False,False,False,False,0.0,21950.0,2022-07-01,0,0,71700,217600,0.33,-0.33,True,False,False,21137.5,0.0
2109,2022-07-01 14:33:00+05:30,0.95,1.0,0.95,1.0,650,21250,72.42,33.33333333333338,NIFTY2270717150CE,CE,17150.0,2022-07-07,50,NIFTY,132.5,0.946,22595.0,4.91,True,True,True,True,False,False,False,True,True,-1000.0,20950.0,2022-07-01,0,0,71700,218250,0.33,-0.33,True,False,False,20718.75,1000.0
2110,2022-07-01 14:34:00+05:30,1.0,1.0,1.0,1.0,150,21250,72.42,33.33333333333338,NIFTY2270717150CE,CE,17150.0,2022-07-07,50,NIFTY,140.0,0.9470000000000001,22517.5,1.07,True,False,True,True,False,False,False,False,False,0.0,20950.0,2022-07-01,1,150,71850,218400,0.33,0.67,True,True,False,21250.0,0.0
2111,2022-07-01 14:35:00+05:30,1.0,1.0,0.95,1.0,650,21250,72.42,33.33333333333338,NIFTY2270717150CE,CE,17150.0,2022-07-07,50,NIFTY,172.5,0.948,22440.0,3.77,True,False,True,True,False,False,False,False,False,0.0,20950.0,2022-07-01,0,0,71850,219050,0.33,-0.33,True,False,False,20718.75,0.0
2112,2022-07-01 14:36:00+05:30,0.95,0.95,0.95,0.95,350,21000,49.1,33.33333333333328,NIFTY2270717150CE,CE,17150.0,2022-07-07,50,NIFTY,190.0,0.949,22350.0,1.84,True,True,True,True,False,False,False,False,False,-250.0,20700.0,2022-07-01,0,0,71850,219400,0.33,-0.33,True,False,False,19950.0,250.0
2113,2022-07-01 14:37:00+05:30,0.95,1.0,0.95,1.0,200,21000,62.21,49.99999999999997,NIFTY2270717150CE,CE,17150.0,2022-07-07,50,NIFTY,200.0,0.951,22260.0,1.0,True,False,True,True,False,False,False,True,True,0.0,20700.0,2022-07-01,0,0,71850,219600,0.33,-0.33,True,False,False,20475.0,0.0
2114,2022-07-01 14:38:00+05:30,1.0,1.05,1.0,1.0,2300,21000,62.21,49.99999999999997,NIFTY2270717150CE,CE,17150.0,2022-07-07,50,NIFTY,315.0,0.9519999999999998,22170.0,7.3,True,False,True,True,False,False,False,False,False,0.0,20700.0,2022-07-01,1,2300,74150,221900,0.33,0.67,True,True,False,21524.999999999996,0.0
2115,2022-07-01 14:39:00+05:30,1.0,1.0,1.0,1.0,0,21000,62.21,33.33333333333333,NIFTY2270717150CE,CE,17150.0,2022-07-07,50,NIFTY,315.0,0.9529999999999998,22080.0,0.0,True,False,False,True,False,False,False,False,False,0.0,20700.0,2022-07-01,1,0,74150,221900,0.33,0.67,True,False,False,21000.0,0.0
2116,2022-07-01 14:40:00+05:30,1.0,1.0,1.0,1.0,300,22650,62.21,33.33333333333333,NIFTY2270717150CE,CE,17150.0,2022-07-07,50,NIFTY,330.0,0.954,22072.5,0.91,False,False,True,True,False,False,False,False,False,1650.0,22350.0,2022-07-01,1,300,74450,222200,0.34,0.66,True,False,False,22650.0,1650.0
2117,2022-07-01 14:41:00+05:30,1.0,1.0,1.0,1.0,0,22650,62.21,0.0,NIFTY2270717150CE,CE,17150.0,2022-07-07,50,NIFTY,330.0,0.9549999999999998,22065.0,0.0,False,False,False,True,False,False,False,False,False,0.0,22350.0,2022-07-01,1,0,74450,222200,0.34,0.66,True,False,False,22650.0,0.0
2118,2022-07-01 14:42:00+05:30,1.0,1.0,1.0,1.0,0,22650,62.21,0.0,NIFTY2270717150CE,CE,17150.0,2022-07-07,50,NIFTY,330.0,0.956,22057.5,0.0,False,False,False,True,False,False,False,False,False,0.0,22350.0,2022-07-01,1,0,74450,222200,0.34,0.66,True,False,False,22650.0,0.0
2119,2022-07-01 14:43:00+05:30,1.0,1.0,1.0,1.0,0,22650,62.21,0.0,NIFTY2270717150CE,CE,17150.0,2022-07-07,50,NIFTY,307.5,0.9569999999999999,22052.5,0.0,False,False,False,True,False,False,False,False,False,0.0,22350.0,2022-07-01,1,0,74450,222200,0.34,0.66,True,False,False,22650.0,0.0
2120,2022-07-01 14:44:00+05:30,1.0,1.05,1.0,1.05,1050,22700,73.62,100.0,NIFTY2270717150CE,CE,17150.0,2022-07-07,50,NIFTY,360.0,0.9590000000000001,22057.5,2.92,False,False,True,True,False,False,True,True,True,50.0,22400.0,2022-07-01,1,1050,75500,223250,0.34,0.66,True,False,False,23267.499999999996,50.0
2121,2022-07-01 14:45:00+05:30,1.05,1.05,1.05,1.05,0,22700,73.62,100.0,NIFTY2270717150CE,CE,17150.0,2022-07-07,50,NIFTY,360.0,0.961,22062.5,0.0,False,False,False,True,False,False,True,False,False,0.0,22400.0,2022-07-01,1,0,75500,223250,0.34,0.66,True,False,False,23835.0,0.0
2122,2022-07-01 14:46:00+05:30,1.05,1.05,1.05,1.05,0,22700,73.62,100.0,NIFTY2270717150CE,CE,17150.0,2022-07-07,50,NIFTY,360.0,0.963,22067.5,0.0,False,False,False,True,False,False,True,False,False,0.0,22400.0,2022-07-01,1,0,75500,223250,0.34,0.66,True,False,False,23835.0,0.0
2123,2022-07-01 14:47:00+05:30,1.05,1.05,1.05,1.05,0,22700,73.62,100.0,NIFTY2270717150CE,CE,17150.0,2022-07-07,50,NIFTY,360.0,0.965,22072.5,0.0,False,False,False,True,False,False,True,False,False,0.0,22400.0,2022-07-01,1,0,75500,223250,0.34,0.66,True,False,False,23835.0,0.0
2124,2022-07-01 14:48:00+05:30,1.05,1.05,1.05,1.05,0,23750,73.62,100.0,NIFTY2270717150CE,CE,17150.0,2022-07-07,50,NIFTY,345.0,0.9669999999999999,22130.0,0.0,False,False,False,True,False,False,True,False,False,1050.0,23450.0,2022-07-01,1,0,75500,223250,0.34,0.66,True,False,False,24937.5,1050.0
2125,2022-07-01 14:49:00+05:30,1.05,1.05,1.05,1.05,0,23750,73.62,100.0,NIFTY2270717150CE,CE,17150.0,2022-07-07,50,NIFTY,345.0,0.9690000000000001,22187.5,0.0,False,False,False,True,False,False,True,False,False,0.0,23450.0,2022-07-01,1,0,75500,223250,0.34,0.66,True,False,False,24937.5,0.0
2126,2022-07-01 14:50:00+05:30,1.05,1.05,1.05,1.05,0,23750,73.62,100.0,NIFTY2270717150CE,CE,17150.0,2022-07-07,50,NIFTY,345.0,0.971,22245.0,0.0,False,False,False,True,False,False,True,False,False,0.0,23450.0,2022-07-01,1,0,75500,223250,0.34,0.66,True,False,False,24937.5,0.0
2127,2022-07-01 14:51:00+05:30,1.05,1.05,1.05,1.05,550,23750,73.62,100.0,NIFTY2270717150CE,CE,17150.0,2022-07-07,50,NIFTY,310.0,0.973,22320.0,1.77,False,False,False,True,False,False,True,False,False,0.0,23450.0,2022-07-01,1,550,76050,223800,0.34,0.66,True,False,False,24937.5,0.0
2128,2022-07-01 14:52:00+05:30,1.05,1.05,1.0,1.0,1500,24250,47.61,-100.0,NIFTY2270717150CE,CE,17150.0,2022-07-07,50,NIFTY,385.0,0.9740000000000001,22420.0,3.9,False,False,True,True,False,False,False,False,False,500.0,23950.0,2022-07-01,1,1500,77550,225300,0.34,0.66,True,False,False,24856.249999999996,500.0
2129,2022-07-01 14:53:00+05:30,1.0,1.0,1.0,1.0,0,24250,47.61,-100.0,NIFTY2270717150CE,CE,17150.0,2022-07-07,50,NIFTY,352.5,0.975,22570.0,0.0,False,False,False,True,False,False,False,False,False,0.0,23950.0,2022-07-01,1,0,77550,225300,0.34,0.66,True,False,False,24250.0,0.0
2130,2022-07-01 14:54:00+05:30,1.0,1.0,1.0,1.0,0,24250,47.61,-100.0,NIFTY2270717150CE,CE,17150.0,2022-07-07,50,NIFTY,345.0,0.9760000000000001,22720.0,0.0,False,False,False,True,False,False,False,False,False,0.0,23950.0,2022-07-01,1,0,77550,225300,0.34,0.66,True,False,False,24250.0,0.0
2131,2022-07-01 14:55:00+05:30,1.0,1.05,1.0,1.05,100,23900,63.65,0.0,NIFTY2270717150CE,CE,17150.0,2022-07-07,50,NIFTY,317.5,0.978,22852.5,0.31,False,True,False,True,False,False,False,True,True,-350.0,23600.0,2022-07-01,1,100,77650,225400,0.34,0.66,True,False,False,24497.499999999996,350.0
2132,2022-07-01 14:56:00+05:30,1.05,1.05,1.05,1.05,400,23900,63.65,0.0,NIFTY2270717150CE,CE,17150.0,2022-07-07,50,NIFTY,320.0,0.98,22997.5,1.25,False,False,True,True,False,False,False,False,False,0.0,23600.0,2022-07-01,1,400,78050,225800,0.35,0.65,True,False,False,25095.0,0.0
2133,2022-07-01 14:57:00+05:30,1.05,1.05,1.05,1.05,100,24500,63.65,0.0,NIFTY2270717150CE,CE,17150.0,2022-07-07,50,NIFTY,315.0,0.982,23172.5,0.32,False,False,False,True,False,False,False,False,False,600.0,24200.0,2022-07-01,1,100,78150,225900,0.35,0.65,True,False,False,25725.0,600.0
2134,2022-07-01 14:58:00+05:30,1.05,1.05,1.05,1.05,50,24500,63.65,0.0,NIFTY2270717150CE,CE,17150.0,2022-07-07,50,NIFTY,202.5,0.9839999999999999,23347.5,0.25,False,False,False,True,False,False,False,False,False,0.0,24200.0,2022-07-01,1,50,78200,225950,0.35,0.65,True,False,False,25725.0,0.0
2135,2022-07-01 14:59:00+05:30,1.05,1.05,1.05,1.05,350,24500,63.65,0.0,NIFTY2270717150CE,CE,17150.0,2022-07-07,50,NIFTY,220.0,0.9860000000000001,23522.5,1.59,False,False,True,True,False,False,False,False,False,0.0,24200.0,2022-07-01,1,350,78550,226300,0.35,0.65,True,False,False,25725.0,0.0
2136,2022-07-01 15:00:00+05:30,1.05,1.05,1.05,1.05,800,25150,63.65,100.0,NIFTY2270717150CE,CE,17150.0,2022-07-07,50,NIFTY,245.0,0.988,23647.5,3.27,False,False,True,True,False,False,True,False,False,650.0,24850.0,2022-07-01,1,800,79350,227100,0.35,0.65,True,False,False,26407.5,650.0
2137,2022-07-01 15:01:00+05:30,1.05,1.05,1.05,1.05,100,25150,63.65,100.0,NIFTY2270717150CE,CE,17150.0,2022-07-07,50,NIFTY,250.0,0.99,23772.5,0.4,False,False,True,True,False,False,True,False,False,0.0,24850.0,2022-07-01,1,100,79450,227200,0.35,0.65,True,False,False,26407.5,0.0
2138,2022-07-01 15:02:00+05:30,1.05,1.05,1.05,1.05,50,25150,63.65,100.0,NIFTY2270717150CE,CE,17150.0,2022-07-07,50,NIFTY,252.5,0.992,23897.5,0.2,False,False,True,True,False,False,True,False,False,0.0,24850.0,2022-07-01,1,50,79500,227250,0.35,0.65,True,False,False,26407.5,0.0
2139,2022-07-01 15:03:00+05:30,1.05,1.05,1.05,1.05,0,25150,63.65,,NIFTY2270717150CE,CE,17150.0,2022-07-07,50,NIFTY,252.5,0.9939999999999999,24022.5,0.0,False,False,False,True,False,False,False,False,False,0.0,24850.0,2022-07-01,1,0,79500,227250,0.35,0.65,True,False,False,26407.5,0.0
2140,2022-07-01 15:04:00+05:30,1.05,1.05,1.05,1.05,250,25550,63.65,,NIFTY2270717150CE,CE,17150.0,2022-07-07,50,NIFTY,212.5,0.9960000000000001,24165.0,1.18,False,False,False,True,False,False,False,False,False,400.0,25250.0,2022-07-01,1,250,79750,227500,0.35,0.65,True,False,False,26827.5,400.0
2141,2022-07-01 15:05:00+05:30,1.05,1.05,0.95,1.0,1500,25550,38.75,-100.0,NIFTY2270717150CE,CE,17150.0,2022-07-07,50,NIFTY,287.5,0.997,24307.5,5.22,False,False,True,True,False,False,False,False,False,0.0,25250.0,2022-07-01,1,1500,81250,229000,0.35,0.65,True,False,False,25550.0,0.0
2142,2022-07-01 15:06:00+05:30,1.0,1.0,1.0,1.0,0,25550,38.75,-100.0,NIFTY2270717150CE,CE,17150.0,2022-07-07,50,NIFTY,287.5,0.998,24450.0,0.0,False,False,False,True,False,False,False,False,False,0.0,25250.0,2022-07-01,1,0,81250,229000,0.35,0.65,True,False,False,25550.0,0.0
2143,2022-07-01 15:07:00+05:30,1.0,1.0,0.95,0.95,150,24500,26.66,-100.0,NIFTY2270717150CE,CE,17150.0,2022-07-07,50,NIFTY,295.0,0.998,24540.0,0.51,True,True,True,False,False,True,False,False,False,-1050.0,24200.0,2022-07-01,0,0,81250,229150,0.35,-0.35,True,False,False,23887.5,1050.0
2144,2022-07-01 15:08:00+05:30,0.95,0.95,0.95,0.95,0,24500,26.66,-100.0,NIFTY2270717150CE,CE,17150.0,2022-07-07,50,NIFTY,295.0,0.998,24577.5,0.0,True,False,False,False,False,True,False,False,False,0.0,24200.0,2022-07-01,0,0,81250,229150,0.35,-0.35,True,False,False,23275.0,0.0
2145,2022-07-01 15:09:00+05:30,0.95,0.95,0.95,0.95,0,24500,26.66,-100.0,NIFTY2270717150CE,CE,17150.0,2022-07-07,50,NIFTY,295.0,0.9980000000000001,24615.0,0.0,True,False,False,False,False,True,False,False,False,0.0,24200.0,2022-07-01,0,0,81250,229150,0.35,-0.35,True,False,False,23275.0,0.0
2146,2022-07-01 15:10:00+05:30,0.95,0.95,0.95,0.95,0,24500,26.66,-100.0,NIFTY2270717150CE,CE,17150.0,2022-07-07,50,NIFTY,295.0,0.998,24652.5,0.0,True,False,False,False,False,True,False,False,False,0.0,24200.0,2022-07-01,0,0,81250,229150,0.35,-0.35,True,False,False,23275.0,0.0
2147,2022-07-01 15:11:00+05:30,0.95,0.95,0.95,0.95,0,24500,26.66,-100.0,NIFTY2270717150CE,CE,17150.0,2022-07-07,50,NIFTY,267.5,0.9980000000000001,24690.0,0.0,True,False,False,False,False,True,False,False,False,0.0,24200.0,2022-07-01,0,0,81250,229150,0.35,-0.35,True,False,False,23275.0,0.0
2148,2022-07-01 15:12:00+05:30,0.95,0.95,0.95,0.95,800,24350,26.66,-100.0,NIFTY2270717150CE,CE,17150.0,2022-07-07,50,NIFTY,232.5,0.998,24695.0,3.44,True,True,False,False,False,True,False,False,False,-150.0,24050.0,2022-07-01,0,0,81250,229950,0.35,-0.35,True,False,False,23132.5,150.0
2149,2022-07-01 15:13:00+05:30,0.95,0.95,0.95,0.95,50,24350,26.66,-100.0,NIFTY2270717150CE,CE,17150.0,2022-07-07,50,NIFTY,235.0,0.998,24700.0,0.21,True,False,True,False,False,True,False,False,False,0.0,24050.0,2022-07-01,0,0,81250,230000,0.35,-0.35,True,False,False,23132.5,0.0
2150,2022-07-01 15:14:00+05:30,0.95,1.0,0.95,1.0,50,24350,51.88,0.0,NIFTY2270717150CE,CE,17150.0,2022-07-07,50,NIFTY,237.5,0.9990000000000001,24705.0,0.21,True,False,True,True,False,False,False,True,True,0.0,24050.0,2022-07-01,0,0,81250,230050,0.35,-0.35,True,False,False,23741.25,0.0
2151,2022-07-01 15:15:00+05:30,0.95,0.95,0.9,0.9,800,24350,29.81,-33.33333333333328,NIFTY2270717150CE,CE,17150.0,2022-07-07,50,NIFTY,272.5,0.998,24727.5,2.94,True,False,True,False,False,False,False,False,False,0.0,24050.0,2022-07-01,0,0,81250,230850,0.35,-0.35,True,False,False,22523.75,0.0
2152,2022-07-01 15:16:00+05:30,0.9,0.9,0.9,0.9,0,24350,29.81,-33.33333333333328,NIFTY2270717150CE,CE,17150.0,2022-07-07,50,NIFTY,252.5,0.997,24750.0,0.0,True,False,False,False,False,False,False,False,False,0.0,24050.0,2022-07-01,0,0,81250,230850,0.35,-0.35,True,False,False,21915.0,0.0
2153,2022-07-01 15:17:00+05:30,0.9,0.9,0.9,0.9,0,24350,29.81,-33.33333333333328,NIFTY2270717150CE,CE,17150.0,2022-07-07,50,NIFTY,247.5,0.9960000000000001,24742.5,0.0,True,False,False,False,False,False,False,False,False,0.0,24050.0,2022-07-01,0,0,81250,230850,0.35,-0.35,True,False,False,21915.0,0.0
2154,2022-07-01 15:18:00+05:30,0.9,0.9,0.9,0.9,0,24350,29.81,-33.33333333333328,NIFTY2270717150CE,CE,17150.0,2022-07-07,50,NIFTY,245.0,0.9960000000000001,24735.0,0.0,True,False,False,False,False,False,False,False,False,0.0,24050.0,2022-07-01,0,0,81250,230850,0.35,-0.35,True,False,False,21915.0,0.0
2155,2022-07-01 15:19:00+05:30,0.9,0.9,0.9,0.9,0,24350,29.81,-33.33333333333328,NIFTY2270717150CE,CE,17150.0,2022-07-07,50,NIFTY,227.5,0.9960000000000001,24727.5,0.0,True,False,False,False,False,False,False,False,False,0.0,24050.0,2022-07-01,0,0,81250,230850,0.35,-0.35,True,False,False,21915.0,0.0
2156,2022-07-01 15:20:00+05:30,0.9,0.9,0.9,0.9,0,24350,29.81,-33.33333333333328,NIFTY2270717150CE,CE,17150.0,2022-07-07,50,NIFTY,187.5,0.996,24687.5,0.0,True,False,False,False,False,False,False,False,False,0.0,24050.0,2022-07-01,0,0,81250,230850,0.35,-0.35,True,False,False,21915.0,0.0
2157,2022-07-01 15:21:00+05:30,0.9,0.9,0.9,0.9,0,24350,29.81,-33.33333333333328,NIFTY2270717150CE,CE,17150.0,2022-07-07,50,NIFTY,182.5,0.995,24647.5,0.0,True,False,False,False,False,False,False,False,False,0.0,24050.0,2022-07-01,0,0,81250,230850,0.35,-0.35,True,False,False,21915.0,0.0
2158,2022-07-01 15:22:00+05:30,0.9,0.9,0.9,0.9,0,24350,29.81,-100.0,NIFTY2270717150CE,CE,17150.0,2022-07-07,50,NIFTY,180.0,0.9940000000000001,24607.5,0.0,True,False,False,False,False,False,False,False,False,0.0,24050.0,2022-07-01,0,0,81250,230850,0.35,-0.35,True,False,False,21915.0,0.0
2159,2022-07-01 15:23:00+05:30,0.9,0.9,0.9,0.9,0,24350,29.81,,NIFTY2270717150CE,CE,17150.0,2022-07-07,50,NIFTY,180.0,0.992,24567.5,0.0,True,False,False,False,False,False,False,False,False,0.0,24050.0,2022-07-01,0,0,81250,230850,0.35,-0.35,True,False,False,21915.0,0.0
2160,2022-07-01 15:24:00+05:30,0.9,0.9,0.9,0.9,0,24350,29.81,,NIFTY2270717150CE,CE,17150.0,2022-07-07,50,NIFTY,167.5,0.99,24507.5,0.0,True,False,False,False,False,False,False,False,False,0.0,24050.0,2022-07-01,0,0,81250,230850,0.35,-0.35,True,False,False,21915.0,0.0
2161,2022-07-01 15:25:00+05:30,1.0,1.0,0.95,0.95,350,24150,51.47,100.0,NIFTY2270717150CE,CE,17150.0,2022-07-07,50,NIFTY,110.0,0.9890000000000001,24437.5,3.18,True,True,False,False,False,False,True,True,False,-200.0,23850.0,2022-07-01,0,0,81250,231200,0.35,-0.35,True,False,False,23546.25,200.0
2162,2022-07-01 15:26:00+05:30,0.95,0.95,0.9,0.9,250,24150,38.63,0.0,NIFTY2270717150CE,CE,17150.0,2022-07-07,50,NIFTY,122.5,0.9880000000000001,24367.5,2.04,True,False,True,False,False,False,False,False,False,0.0,23850.0,2022-07-01,0,0,81250,231450,0.35,-0.35,True,False,False,22338.75,0.0
2163,2022-07-01 15:27:00+05:30,0.9,0.9,0.9,0.9,0,24150,38.63,0.0,NIFTY2270717150CE,CE,17150.0,2022-07-07,50,NIFTY,115.0,0.9860000000000001,24350.0,0.0,True,False,False,False,False,False,False,False,False,0.0,23850.0,2022-07-01,0,0,81250,231450,0.35,-0.35,True,False,False,21735.0,0.0
2164,2022-07-01 15:28:00+05:30,0.9,0.95,0.9,0.95,350,23700,52.4,33.33333333333333,NIFTY2270717150CE,CE,17150.0,2022-07-07,50,NIFTY,132.5,0.9850000000000001,24310.0,2.64,True,True,True,False,False,False,False,True,True,-450.0,23400.0,2022-07-01,0,0,81250,231800,0.35,-0.35,True,False,False,21922.5,450.0
2165,2022-07-01 15:29:00+05:30,0.95,0.95,0.85,0.9,1000,23700,42.2,0.0,NIFTY2270717150CE,CE,17150.0,2022-07-07,50,NIFTY,182.5,0.9830000000000001,24270.0,5.48,True,False,True,False,False,False,False,False,False,0.0,23400.0,2022-07-01,0,0,81250,232800,0.35,-0.35,True,False,False,21329.999999999996,0.0
