,date,open,high,low,close,volume,oi,rsi,CMO,tradingsymbol,instrument_type,strike,expiry,lot_size,name,Volume_20_sma,close 50 sma,OI_20_sma,Volume x times,OI_below_20_sma,OI_trend,volume_trend,price>50sma,volume_qualify,rsi_signal,CMO_signal,rsi_trend,greencandle,OI_change,OI_change_cum,new_date,typical price,v*p,cum v*p,cum v,vwap,price_minus_vwap,price_vs_vwap,price_away_vwap,qualify,OI_Value,OI_change_abs
3553,2022-07-05 09:15:00+05:30,1796.0,1796.0,1796.0,1796.0,0,2300,95.24,100.0,BANKNIFTY2270732300CE,CE,32300.0,2022-07-07,25,BANKNIFTY,5.0,1601.318,2312.5,0.0,True,True,False,True,False,False,True,True,False,-25.0,2300.0,2022-07-05,1796,0,0,0,1.0,1795.0,True,False,False,4130800.0,25.0
3554,2022-07-05 09:16:00+05:30,1796.0,1796.0,1796.0,1796.0,0,2300,95.24,100.0,BANKNIFTY2270732300CE,CE,32300.0,2022-07-07,25,BANKNIFTY,5.0,1607.8319999999999,2313.75,0.0,True,False,False,True,False,False,True,False,False,0.0,2300.0,2022-07-05,1796,0,0,0,1.0,1795.0,True,False,False,4130800.0,0.0
3555,2022-07-05 09:17:00+05:30,1796.0,1796.0,1796.0,1796.0,0,2300,95.24,100.0,BANKNIFTY2270732300CE,CE,32300.0,2022-07-07,25,BANKNIFTY,3.75,1614.346,2315.0,0.0,True,False,False,True,False,False,True,False,False,0.0,2300.0,2022-07-05,1796,0,0,0,1.0,1795.0,True,False,False,4130800.0,0.0
3556,2022-07-05 09:18:00+05:30,1796.0,1796.0,1796.0,1796.0,0,2300,95.24,100.0,BANKNIFTY2270732300CE,CE,32300.0,2022-07-07,25,BANKNIFTY,3.75,1620.657,2316.25,0.0,True,False,False,True,False,False,True,False,False,0.0,2300.0,2022-07-05,1796,0,0,0,1.0,1795.0,True,False,False,4130800.0,0.0
3557,2022-07-05 09:19:00+05:30,1796.0,1796.0,1796.0,1796.0,0,2300,95.24,100.0,BANKNIFTY2270732300CE,CE,32300.0,2022-07-07,25,BANKNIFTY,3.75,1626.9679999999998,2317.5,0.0,True,False,False,True,False,False,True,False,False,0.0,2300.0,2022-07-05,1796,0,0,0,1.0,1795.0,True,False,False,4130800.0,0.0
3558,2022-07-05 09:20:00+05:30,1796.0,1796.0,1796.0,1796.0,0,2300,95.24,100.0,BANKNIFTY2270732300CE,CE,32300.0,2022-07-07,25,BANKNIFTY,3.75,1632.2279999999998,2318.75,0.0,True,False,False,True,False,False,True,False,False,0.0,2300.0,2022-07-05,1796,0,0,0,1.0,1795.0,True,False,False,4130800.0,0.0
3559,2022-07-05 09:21:00+05:30,1796.0,1796.0,1796.0,1796.0,0,2300,95.24,100.0,BANKNIFTY2270732300CE,CE,32300.0,2022-07-07,25,BANKNIFTY,3.75,1637.4879999999998,2320.0,0.0,True,False,False,True,False,False,True,False,False,0.0,2300.0,2022-07-05,1796,0,0,0,1.0,1795.0,True,False,False,4130800.0,0.0
3560,2022-07-05 09:22:00+05:30,1796.0,1796.0,1796.0,1796.0,0,2300,95.24,100.0,BANKNIFTY2270732300CE,CE,32300.0,2022-07-07,25,BANKNIFTY,3.75,1642.1329999999998,2321.25,0.0,True,False,False,True,False,False,True,False,False,0.0,2300.0,2022-07-05,1796,0,0,0,1.0,1795.0,True,False,False,4130800.0,0.0
3561,2022-07-05 09:23:00+05:30,1796.0,1796.0,1796.0,1796.0,0,2300,95.24,,BANKNIFTY2270732300CE,CE,32300.0,2022-07-07,25,BANKNIFTY,3.75,1646.7779999999998,2322.5,0.0,True,False,False,True,False,False,False,False,False,0.0,2300.0,2022-07-05,1796,0,0,0,1.0,1795.0,True,False,False,4130800.0,0.0
3562,2022-07-05 09:24:00+05:30,1796.0,1796.0,1796.0,1796.0,0,2300,95.24,,BANKNIFTY2270732300CE,CE,32300.0,2022-07-07,25,BANKNIFTY,3.75,1651.4229999999998,2323.75,0.0,True,False,False,True,False,False,False,False,False,0.0,2300.0,2022-07-05,1796,0,0,0,1.0,1795.0,True,False,False,4130800.0,0.0
3563,2022-07-05 09:25:00+05:30,1796.0,1796.0,1796.0,1796.0,0,2300,95.24,,BANKNIFTY2270732300CE,CE,32300.0,2022-07-07,25,BANKNIFTY,2.5,1656.068,2321.25,0.0,True,False,False,True,False,False,False,False,False,0.0,2300.0,2022-07-05,1796,0,0,0,1.0,1795.0,True,False,False,4130800.0,0.0
3564,2022-07-05 09:26:00+05:30,1796.0,1796.0,1796.0,1796.0,0,2300,95.24,,BANKNIFTY2270732300CE,CE,32300.0,2022-07-07,25,BANKNIFTY,2.5,1660.713,2318.75,0.0,True,False,False,True,False,False,False,False,False,0.0,2300.0,2022-07-05,1796,0,0,0,1.0,1795.0,True,False,False,4130800.0,0.0
3565,2022-07-05 09:27:00+05:30,1796.0,1796.0,1796.0,1796.0,0,2300,95.24,,BANKNIFTY2270732300CE,CE,32300.0,2022-07-07,25,BANKNIFTY,2.5,1665.358,2316.25,0.0,True,False,False,True,False,False,False,False,False,0.0,2300.0,2022-07-05,1796,0,0,0,1.0,1795.0,True,False,False,4130800.0,0.0
3566,2022-07-05 09:28:00+05:30,1796.0,1796.0,1796.0,1796.0,0,2300,95.24,,BANKNIFTY2270732300CE,CE,32300.0,2022-07-07,25,BANKNIFTY,2.5,1670.0529999999999,2313.75,0.0,True,False,False,True,False,False,False,False,False,0.0,2300.0,2022-07-05,1796,0,0,0,1.0,1795.0,True,False,False,4130800.0,0.0
3567,2022-07-05 09:29:00+05:30,1796.0,1796.0,1796.0,1796.0,0,2300,95.24,,BANKNIFTY2270732300CE,CE,32300.0,2022-07-07,25,BANKNIFTY,2.5,1674.7479999999998,2311.25,0.0,True,False,False,True,False,False,False,False,False,0.0,2300.0,2022-07-05,1796,0,0,0,1.0,1795.0,True,False,False,4130800.0,0.0
3568,2022-07-05 09:30:00+05:30,1796.0,1850.7,1796.0,1850.7,25,2275,97.51,100.0,BANKNIFTY2270732300CE,CE,32300.0,2022-07-07,25,BANKNIFTY,3.75,1680.5369999999998,2307.5,6.67,True,True,True,True,False,False,True,True,True,-25.0,2275.0,2022-07-05,1832,45800,45800,25,1832.0,0.0,True,False,False,4148121.25,25.0
3569,2022-07-05 09:31:00+05:30,1850.7,1850.7,1850.7,1850.7,0,2275,97.51,100.0,BANKNIFTY2270732300CE,CE,32300.0,2022-07-07,25,BANKNIFTY,3.75,1686.326,2303.75,0.0,True,False,False,True,False,False,True,False,False,0.0,2275.0,2022-07-05,1850,0,45800,25,1832.0,18.0,True,True,False,4210342.5,0.0
3570,2022-07-05 09:32:00+05:30,1850.7,1850.7,1840.0,1840.0,50,2275,87.97,67.27828746177362,BANKNIFTY2270732300CE,CE,32300.0,2022-07-07,25,BANKNIFTY,6.25,1691.901,2300.0,8.0,True,False,True,True,False,False,True,False,False,0.0,2275.0,2022-07-05,1843,92150,137950,75,1839.33,3.67,True,False,False,4198171.25,0.0
3571,2022-07-05 09:33:00+05:30,1840.0,1840.0,1834.3,1836.5,125,2225,85.04,58.78084179970965,BANKNIFTY2270732300CE,CE,32300.0,2022-07-07,25,BANKNIFTY,12.5,1697.406,2293.75,10.0,True,True,True,True,False,False,True,False,False,-50.0,2225.0,2022-07-05,1836,229500,367450,200,1837.25,-1.25,False,False,False,4087658.75,50.0
3572,2022-07-05 09:34:00+05:30,1836.5,1836.5,1834.45,1834.45,75,2225,83.29,54.193093727977484,BANKNIFTY2270732300CE,CE,32300.0,2022-07-07,25,BANKNIFTY,13.75,1702.87,2288.75,5.45,True,False,True,True,False,False,True,False,False,0.0,2225.0,2022-07-05,1835,137625,505075,275,1836.64,-1.64,False,False,False,4083931.875,0.0
3573,2022-07-05 09:35:00+05:30,1834.45,1834.45,1834.45,1834.45,0,2225,83.29,54.193093727977484,BANKNIFTY2270732300CE,CE,32300.0,2022-07-07,25,BANKNIFTY,13.75,1708.3339999999998,2285.0,0.0,True,False,False,True,False,False,True,False,False,0.0,2225.0,2022-07-05,1834,0,505075,275,1836.64,-2.64,False,False,False,4081651.25,0.0
3574,2022-07-05 09:36:00+05:30,1834.45,1834.45,1834.45,1834.45,0,2225,83.29,54.193093727977484,BANKNIFTY2270732300CE,CE,32300.0,2022-07-07,25,BANKNIFTY,13.75,1713.7979999999998,2281.25,0.0,True,False,False,True,False,False,True,False,False,0.0,2225.0,2022-07-05,1834,0,505075,275,1836.64,-2.64,False,False,False,4081651.25,0.0
3575,2022-07-05 09:37:00+05:30,1834.45,1834.45,1834.45,1834.45,0,2225,83.29,54.193093727977484,BANKNIFTY2270732300CE,CE,32300.0,2022-07-07,25,BANKNIFTY,13.75,1719.2619999999997,2277.5,0.0,True,False,False,True,False,False,True,False,False,0.0,2225.0,2022-07-05,1834,0,505075,275,1836.64,-2.64,False,False,False,4081651.25,0.0
3576,2022-07-05 09:38:00+05:30,1834.45,1834.45,1834.45,1834.45,0,2225,83.29,-100.0,BANKNIFTY2270732300CE,CE,32300.0,2022-07-07,25,BANKNIFTY,13.75,1724.726,2273.75,0.0,True,False,False,True,False,False,False,False,False,0.0,2225.0,2022-07-05,1834,0,505075,275,1836.64,-2.64,False,False,False,4081651.25,0.0
3577,2022-07-05 09:39:00+05:30,1834.45,1834.45,1834.45,1834.45,0,2225,83.29,-100.0,BANKNIFTY2270732300CE,CE,32300.0,2022-07-07,25,BANKNIFTY,13.75,1729.215,2270.0,0.0,True,False,False,True,False,False,False,False,False,0.0,2225.0,2022-07-05,1834,0,505075,275,1836.64,-2.64,False,False,False,4081651.25,0.0
3578,2022-07-05 09:40:00+05:30,1834.45,1834.45,1834.45,1834.45,0,2225,83.29,-100.0,BANKNIFTY2270732300CE,CE,32300.0,2022-07-07,25,BANKNIFTY,13.75,1733.77,2266.25,0.0,True,False,False,True,False,False,False,False,False,0.0,2225.0,2022-07-05,1834,0,505075,275,1836.64,-2.64,False,False,False,4081651.25,0.0
3579,2022-07-05 09:41:00+05:30,1834.45,1834.45,1834.45,1834.45,0,2225,83.29,-100.0,BANKNIFTY2270732300CE,CE,32300.0,2022-07-07,25,BANKNIFTY,13.75,1738.351,2262.5,0.0,True,False,False,True,False,False,False,False,False,0.0,2225.0,2022-07-05,1834,0,505075,275,1836.64,-2.64,False,False,False,4081651.25,0.0
3580,2022-07-05 09:42:00+05:30,1834.45,1834.45,1834.45,1834.45,0,2225,83.29,,BANKNIFTY2270732300CE,CE,32300.0,2022-07-07,25,BANKNIFTY,13.75,1742.463,2258.75,0.0,True,False,False,True,False,False,False,False,False,0.0,2225.0,2022-07-05,1834,0,505075,275,1836.64,-2.64,False,False,False,4081651.25,0.0
3581,2022-07-05 09:43:00+05:30,1834.45,1834.45,1834.45,1834.45,0,2225,83.29,,BANKNIFTY2270732300CE,CE,32300.0,2022-07-07,25,BANKNIFTY,13.75,1746.3570000000002,2255.0,0.0,True,False,False,True,False,False,False,False,False,0.0,2225.0,2022-07-05,1834,0,505075,275,1836.64,-2.64,False,False,False,4081651.25,0.0
3582,2022-07-05 09:44:00+05:30,1834.45,1834.45,1834.45,1834.45,0,2225,83.29,,BANKNIFTY2270732300CE,CE,32300.0,2022-07-07,25,BANKNIFTY,13.75,1750.265,2251.25,0.0,True,False,False,True,False,False,False,False,False,0.0,2225.0,2022-07-05,1834,0,505075,275,1836.64,-2.64,False,False,False,4081651.25,0.0
3583,2022-07-05 09:45:00+05:30,1834.45,1919.1,1834.45,1907.6,150,2175,93.72,100.0,BANKNIFTY2270732300CE,CE,32300.0,2022-07-07,25,BANKNIFTY,21.25,1755.6359999999997,2245.0,7.06,True,True,True,True,False,False,True,True,True,-50.0,2175.0,2022-07-05,1887,283050,788125,425,1854.41,32.59,True,True,False,4081985.625,50.0
3584,2022-07-05 09:46:00+05:30,1907.6,1907.6,1907.6,1907.6,0,2175,93.72,100.0,BANKNIFTY2270732300CE,CE,32300.0,2022-07-07,25,BANKNIFTY,21.25,1761.007,2238.75,0.0,True,False,False,True,False,False,True,False,False,0.0,2175.0,2022-07-05,1907,0,788125,425,1854.41,52.59,True,True,False,4149030.0,0.0
3585,2022-07-05 09:47:00+05:30,1907.6,1907.6,1901.2,1901.2,100,2175,88.14,83.90949088623536,BANKNIFTY2270732300CE,CE,32300.0,2022-07-07,25,BANKNIFTY,26.25,1765.846,2232.5,3.81,True,False,True,True,False,False,True,False,False,0.0,2175.0,2022-07-05,1903,190300,978425,525,1863.67,39.33,True,False,False,4142070.0,0.0
3586,2022-07-05 09:48:00+05:30,1901.2,1901.2,1901.2,1901.2,0,2175,88.14,83.90949088623536,BANKNIFTY2270732300CE,CE,32300.0,2022-07-07,25,BANKNIFTY,26.25,1770.685,2226.25,0.0,True,False,False,True,False,False,True,False,False,0.0,2175.0,2022-07-05,1901,0,978425,525,1863.67,37.33,True,False,False,4135110.0,0.0
3587,2022-07-05 09:49:00+05:30,1901.2,1901.2,1901.2,1901.2,0,2175,88.14,83.90949088623536,BANKNIFTY2270732300CE,CE,32300.0,2022-07-07,25,BANKNIFTY,26.25,1775.5240000000003,2220.0,0.0,True,False,False,True,False,False,True,False,False,0.0,2175.0,2022-07-05,1901,0,978425,525,1863.67,37.33,True,False,False,4135110.0,0.0
3588,2022-07-05 09:50:00+05:30,1901.2,1901.2,1901.2,1901.2,0,2175,88.14,83.90949088623536,BANKNIFTY2270732300CE,CE,32300.0,2022-07-07,25,BANKNIFTY,25.0,1780.3630000000003,2215.0,0.0,True,False,False,True,False,False,True,False,False,0.0,2175.0,2022-07-05,1901,0,978425,525,1863.67,37.33,True,False,False,4135110.0,0.0
3589,2022-07-05 09:51:00+05:30,1901.2,1901.2,1901.2,1901.2,0,2175,88.14,83.90949088623536,BANKNIFTY2270732300CE,CE,32300.0,2022-07-07,25,BANKNIFTY,25.0,1785.2020000000002,2210.0,0.0,True,False,False,True,False,False,True,False,False,0.0,2175.0,2022-07-05,1901,0,978425,525,1863.67,37.33,True,False,False,4135110.0,0.0
3590,2022-07-05 09:52:00+05:30,1901.2,1901.2,1901.2,1901.2,0,2175,88.14,83.90949088623536,BANKNIFTY2270732300CE,CE,32300.0,2022-07-07,25,BANKNIFTY,22.5,1790.0410000000002,2205.0,0.0,True,False,False,True,False,False,True,False,False,0.0,2175.0,2022-07-05,1901,0,978425,525,1863.67,37.33,True,False,False,4135110.0,0.0
3591,2022-07-05 09:53:00+05:30,1901.2,1901.2,1901.2,1901.2,0,2175,88.14,-100.0,BANKNIFTY2270732300CE,CE,32300.0,2022-07-07,25,BANKNIFTY,16.25,1794.88,2202.5,0.0,True,False,False,True,False,False,False,False,False,0.0,2175.0,2022-07-05,1901,0,978425,525,1863.67,37.33,True,False,False,4135110.0,0.0
3592,2022-07-05 09:54:00+05:30,1901.2,1901.2,1901.2,1901.2,0,2175,88.14,-100.0,BANKNIFTY2270732300CE,CE,32300.0,2022-07-07,25,BANKNIFTY,12.5,1799.7190000000003,2200.0,0.0,True,False,False,True,False,False,False,False,False,0.0,2175.0,2022-07-05,1901,0,978425,525,1863.67,37.33,True,False,False,4135110.0,0.0
3593,2022-07-05 09:55:00+05:30,1901.2,1901.2,1901.2,1901.2,0,2175,88.14,,BANKNIFTY2270732300CE,CE,32300.0,2022-07-07,25,BANKNIFTY,12.5,1804.871,2197.5,0.0,True,False,False,True,False,False,False,False,False,0.0,2175.0,2022-07-05,1901,0,978425,525,1863.67,37.33,True,False,False,4135110.0,0.0
3594,2022-07-05 09:56:00+05:30,1901.2,1901.2,1901.2,1901.2,0,2175,88.14,,BANKNIFTY2270732300CE,CE,32300.0,2022-07-07,25,BANKNIFTY,12.5,1810.023,2195.0,0.0,True,False,False,True,False,False,False,False,False,0.0,2175.0,2022-07-05,1901,0,978425,525,1863.67,37.33,True,False,False,4135110.0,0.0
3595,2022-07-05 09:57:00+05:30,1901.2,1901.2,1901.2,1901.2,0,2175,88.14,,BANKNIFTY2270732300CE,CE,32300.0,2022-07-07,25,BANKNIFTY,12.5,1815.175,2192.5,0.0,True,False,False,True,False,False,False,False,False,0.0,2175.0,2022-07-05,1901,0,978425,525,1863.67,37.33,True,False,False,4135110.0,0.0
3596,2022-07-05 09:58:00+05:30,1901.2,1901.2,1901.2,1901.2,0,2175,88.14,,BANKNIFTY2270732300CE,CE,32300.0,2022-07-07,25,BANKNIFTY,12.5,1820.3269999999998,2190.0,0.0,True,False,False,True,False,False,False,False,False,0.0,2175.0,2022-07-05,1901,0,978425,525,1863.67,37.33,True,False,False,4135110.0,0.0
3597,2022-07-05 09:59:00+05:30,1901.2,1901.2,1901.2,1901.2,0,2175,88.14,,BANKNIFTY2270732300CE,CE,32300.0,2022-07-07,25,BANKNIFTY,12.5,1825.4790000000003,2187.5,0.0,True,False,False,True,False,False,False,False,False,0.0,2175.0,2022-07-05,1901,0,978425,525,1863.67,37.33,True,False,False,4135110.0,0.0
3598,2022-07-05 10:00:00+05:30,1901.2,1901.2,1901.2,1901.2,0,2175,88.14,,BANKNIFTY2270732300CE,CE,32300.0,2022-07-07,25,BANKNIFTY,12.5,1830.631,2185.0,0.0,True,False,False,True,False,False,False,False,False,0.0,2175.0,2022-07-05,1901,0,978425,525,1863.67,37.33,True,False,False,4135110.0,0.0
3599,2022-07-05 10:01:00+05:30,1901.2,1901.2,1901.2,1901.2,0,2175,88.14,,BANKNIFTY2270732300CE,CE,32300.0,2022-07-07,25,BANKNIFTY,12.5,1835.783,2182.5,0.0,True,False,False,True,False,False,False,False,False,0.0,2175.0,2022-07-05,1901,0,978425,525,1863.67,37.33,True,False,False,4135110.0,0.0
3600,2022-07-05 10:02:00+05:30,1901.2,1901.2,1901.2,1901.2,0,2175,88.14,,BANKNIFTY2270732300CE,CE,32300.0,2022-07-07,25,BANKNIFTY,12.5,1840.935,2180.0,0.0,True,False,False,True,False,False,False,False,False,0.0,2175.0,2022-07-05,1901,0,978425,525,1863.67,37.33,True,False,False,4135110.0,0.0
3601,2022-07-05 10:03:00+05:30,1901.2,1901.2,1901.2,1901.2,0,2175,88.14,,BANKNIFTY2270732300CE,CE,32300.0,2022-07-07,25,BANKNIFTY,12.5,1846.0869999999998,2177.5,0.0,True,False,False,True,False,False,False,False,False,0.0,2175.0,2022-07-05,1901,0,978425,525,1863.67,37.33,True,False,False,4135110.0,0.0
3602,2022-07-05 10:04:00+05:30,1901.2,1901.2,1901.2,1901.2,0,2175,88.14,,BANKNIFTY2270732300CE,CE,32300.0,2022-07-07,25,BANKNIFTY,12.5,1850.6730000000002,2175.0,0.0,False,False,False,True,False,False,False,False,False,0.0,2175.0,2022-07-05,1901,0,978425,525,1863.67,37.33,True,False,False,4135110.0,0.0
3603,2022-07-05 10:05:00+05:30,1901.2,1901.2,1901.2,1901.2,0,2175,88.14,,BANKNIFTY2270732300CE,CE,32300.0,2022-07-07,25,BANKNIFTY,5.0,1852.777,2175.0,0.0,False,False,False,True,False,False,False,False,False,0.0,2175.0,2022-07-05,1901,0,978425,525,1863.67,37.33,True,False,False,4135110.0,0.0
3604,2022-07-05 10:06:00+05:30,1901.2,1901.2,1901.2,1901.2,0,2175,88.14,,BANKNIFTY2270732300CE,CE,32300.0,2022-07-07,25,BANKNIFTY,5.0,1854.881,2175.0,0.0,False,False,False,True,False,False,False,False,False,0.0,2175.0,2022-07-05,1901,0,978425,525,1863.67,37.33,True,False,False,4135110.0,0.0
3605,2022-07-05 10:07:00+05:30,1901.2,1901.2,1901.2,1901.2,0,2175,88.14,,BANKNIFTY2270732300CE,CE,32300.0,2022-07-07,25,BANKNIFTY,0.0,1856.985,2175.0,,False,False,False,True,False,False,False,False,False,0.0,2175.0,2022-07-05,1901,0,978425,525,1863.67,37.33,True,False,False,4135110.0,0.0
3606,2022-07-05 10:08:00+05:30,1901.2,1901.2,1901.2,1901.2,0,2175,88.14,,BANKNIFTY2270732300CE,CE,32300.0,2022-07-07,25,BANKNIFTY,0.0,1859.089,2175.0,,False,False,False,True,False,False,False,False,False,0.0,2175.0,2022-07-05,1901,0,978425,525,1863.67,37.33,True,False,False,4135110.0,0.0
3607,2022-07-05 10:09:00+05:30,1901.2,1901.2,1901.2,1901.2,0,2175,88.14,,BANKNIFTY2270732300CE,CE,32300.0,2022-07-07,25,BANKNIFTY,0.0,1861.1930000000002,2175.0,,False,False,False,True,False,False,False,False,False,0.0,2175.0,2022-07-05,1901,0,978425,525,1863.67,37.33,True,False,False,4135110.0,0.0
3608,2022-07-05 10:10:00+05:30,1901.2,1901.2,1901.2,1901.2,0,2175,88.14,,BANKNIFTY2270732300CE,CE,32300.0,2022-07-07,25,BANKNIFTY,0.0,1863.297,2175.0,,False,False,False,True,False,False,False,False,False,0.0,2175.0,2022-07-05,1901,0,978425,525,1863.67,37.33,True,False,False,4135110.0,0.0
3609,2022-07-05 10:11:00+05:30,1901.2,1901.2,1901.2,1901.2,0,2175,88.14,,BANKNIFTY2270732300CE,CE,32300.0,2022-07-07,25,BANKNIFTY,0.0,1865.401,2175.0,,False,False,False,True,False,False,False,False,False,0.0,2175.0,2022-07-05,1901,0,978425,525,1863.67,37.33,True,False,False,4135110.0,0.0
3610,2022-07-05 10:12:00+05:30,1901.2,1901.2,1901.2,1901.2,0,2175,88.14,,BANKNIFTY2270732300CE,CE,32300.0,2022-07-07,25,BANKNIFTY,0.0,1867.505,2175.0,,False,False,False,True,False,False,False,False,False,0.0,2175.0,2022-07-05,1901,0,978425,525,1863.67,37.33,True,False,False,4135110.0,0.0
3611,2022-07-05 10:13:00+05:30,1901.2,1901.2,1901.2,1901.2,0,2175,88.14,,BANKNIFTY2270732300CE,CE,32300.0,2022-07-07,25,BANKNIFTY,0.0,1869.6090000000002,2175.0,,False,False,False,True,False,False,False,False,False,0.0,2175.0,2022-07-05,1901,0,978425,525,1863.67,37.33,True,False,False,4135110.0,0.0
3612,2022-07-05 10:14:00+05:30,1901.2,1901.2,1901.2,1901.2,0,2175,88.14,,BANKNIFTY2270732300CE,CE,32300.0,2022-07-07,25,BANKNIFTY,0.0,1871.7130000000002,2175.0,,False,False,False,True,False,False,False,False,False,0.0,2175.0,2022-07-05,1901,0,978425,525,1863.67,37.33,True,False,False,4135110.0,0.0
3613,2022-07-05 10:15:00+05:30,1901.2,1901.2,1901.2,1901.2,0,2175,88.14,,BANKNIFTY2270732300CE,CE,32300.0,2022-07-07,25,BANKNIFTY,0.0,1873.817,2175.0,,False,False,False,True,False,False,False,False,False,0.0,2175.0,2022-07-05,1901,0,978425,525,1863.67,37.33,True,False,False,4135110.0,0.0
3614,2022-07-05 10:16:00+05:30,1901.2,1901.2,1901.2,1901.2,0,2175,88.14,,BANKNIFTY2270732300CE,CE,32300.0,2022-07-07,25,BANKNIFTY,0.0,1875.921,2175.0,,False,False,False,True,False,False,False,False,False,0.0,2175.0,2022-07-05,1901,0,978425,525,1863.67,37.33,True,False,False,4135110.0,0.0
3615,2022-07-05 10:17:00+05:30,1901.2,1901.2,1901.2,1901.2,0,2175,88.14,,BANKNIFTY2270732300CE,CE,32300.0,2022-07-07,25,BANKNIFTY,0.0,1878.025,2175.0,,False,False,False,True,False,False,False,False,False,0.0,2175.0,2022-07-05,1901,0,978425,525,1863.67,37.33,True,False,False,4135110.0,0.0
3616,2022-07-05 10:18:00+05:30,1901.2,1901.2,1901.2,1901.2,0,2175,88.14,,BANKNIFTY2270732300CE,CE,32300.0,2022-07-07,25,BANKNIFTY,0.0,1880.1290000000001,2175.0,,False,False,False,True,False,False,False,False,False,0.0,2175.0,2022-07-05,1901,0,978425,525,1863.67,37.33,True,False,False,4135110.0,0.0
3617,2022-07-05 10:19:00+05:30,1901.2,1901.2,1901.2,1901.2,0,2175,88.14,,BANKNIFTY2270732300CE,CE,32300.0,2022-07-07,25,BANKNIFTY,0.0,1882.2330000000002,2175.0,,False,False,False,True,False,False,False,False,False,0.0,2175.0,2022-07-05,1901,0,978425,525,1863.67,37.33,True,False,False,4135110.0,0.0
3618,2022-07-05 10:20:00+05:30,1901.2,1901.2,1901.2,1901.2,0,2175,88.14,,BANKNIFTY2270732300CE,CE,32300.0,2022-07-07,25,BANKNIFTY,0.0,1883.2430000000002,2175.0,,False,False,False,True,False,False,False,False,False,0.0,2175.0,2022-07-05,1901,0,978425,525,1863.67,37.33,True,False,False,4135110.0,0.0
3619,2022-07-05 10:21:00+05:30,1901.2,1901.2,1901.2,1901.2,0,2175,88.14,,BANKNIFTY2270732300CE,CE,32300.0,2022-07-07,25,BANKNIFTY,0.0,1884.253,2175.0,,False,False,False,True,False,False,False,False,False,0.0,2175.0,2022-07-05,1901,0,978425,525,1863.67,37.33,True,False,False,4135110.0,0.0
3620,2022-07-05 10:22:00+05:30,1901.2,1901.2,1901.2,1901.2,0,2175,88.14,,BANKNIFTY2270732300CE,CE,32300.0,2022-07-07,25,BANKNIFTY,0.0,1885.4769999999999,2175.0,,False,False,False,True,False,False,False,False,False,0.0,2175.0,2022-07-05,1901,0,978425,525,1863.67,37.33,True,False,False,4135110.0,0.0
3621,2022-07-05 10:23:00+05:30,1901.2,1901.2,1901.2,1901.2,0,2175,88.14,,BANKNIFTY2270732300CE,CE,32300.0,2022-07-07,25,BANKNIFTY,0.0,1886.771,2175.0,,False,False,False,True,False,False,False,False,False,0.0,2175.0,2022-07-05,1901,0,978425,525,1863.67,37.33,True,False,False,4135110.0,0.0
3622,2022-07-05 10:24:00+05:30,1901.2,1901.2,1901.2,1901.2,0,2175,88.14,,BANKNIFTY2270732300CE,CE,32300.0,2022-07-07,25,BANKNIFTY,0.0,1888.106,2175.0,,False,False,False,True,False,False,False,False,False,0.0,2175.0,2022-07-05,1901,0,978425,525,1863.67,37.33,True,False,False,4135110.0,0.0
3623,2022-07-05 10:25:00+05:30,1901.2,1901.2,1901.2,1901.2,0,2175,88.14,,BANKNIFTY2270732300CE,CE,32300.0,2022-07-07,25,BANKNIFTY,0.0,1889.441,2175.0,,False,False,False,True,False,False,False,False,False,0.0,2175.0,2022-07-05,1901,0,978425,525,1863.67,37.33,True,False,False,4135110.0,0.0
3624,2022-07-05 10:26:00+05:30,1901.2,1901.2,1901.2,1901.2,0,2175,88.14,,BANKNIFTY2270732300CE,CE,32300.0,2022-07-07,25,BANKNIFTY,0.0,1890.776,2175.0,,False,False,False,True,False,False,False,False,False,0.0,2175.0,2022-07-05,1901,0,978425,525,1863.67,37.33,True,False,False,4135110.0,0.0
3625,2022-07-05 10:27:00+05:30,1901.2,1901.2,1901.2,1901.2,0,2175,88.14,,BANKNIFTY2270732300CE,CE,32300.0,2022-07-07,25,BANKNIFTY,0.0,1892.111,2175.0,,False,False,False,True,False,False,False,False,False,0.0,2175.0,2022-07-05,1901,0,978425,525,1863.67,37.33,True,False,False,4135110.0,0.0
3626,2022-07-05 10:28:00+05:30,1901.2,1901.2,1901.2,1901.2,0,2175,88.14,,BANKNIFTY2270732300CE,CE,32300.0,2022-07-07,25,BANKNIFTY,0.0,1893.4460000000001,2175.0,,False,False,False,True,False,False,False,False,False,0.0,2175.0,2022-07-05,1901,0,978425,525,1863.67,37.33,True,False,False,4135110.0,0.0
3627,2022-07-05 10:29:00+05:30,1901.2,1901.2,1901.2,1901.2,0,2175,88.14,,BANKNIFTY2270732300CE,CE,32300.0,2022-07-07,25,BANKNIFTY,0.0,1894.781,2175.0,,False,False,False,True,False,False,False,False,False,0.0,2175.0,2022-07-05,1901,0,978425,525,1863.67,37.33,True,False,False,4135110.0,0.0
3628,2022-07-05 10:30:00+05:30,1901.2,1901.2,1901.2,1901.2,0,2175,88.14,,BANKNIFTY2270732300CE,CE,32300.0,2022-07-07,25,BANKNIFTY,0.0,1896.116,2175.0,,False,False,False,True,False,False,False,False,False,0.0,2175.0,2022-07-05,1901,0,978425,525,1863.67,37.33,True,False,False,4135110.0,0.0
3629,2022-07-05 10:31:00+05:30,1901.2,1901.2,1901.2,1901.2,0,2175,88.14,,BANKNIFTY2270732300CE,CE,32300.0,2022-07-07,25,BANKNIFTY,0.0,1897.451,2175.0,,False,False,False,True,False,False,False,False,False,0.0,2175.0,2022-07-05,1901,0,978425,525,1863.67,37.33,True,False,False,4135110.0,0.0
3630,2022-07-05 10:32:00+05:30,1901.2,1901.2,1901.2,1901.2,0,2175,88.14,,BANKNIFTY2270732300CE,CE,32300.0,2022-07-07,25,BANKNIFTY,0.0,1898.786,2175.0,,False,False,False,True,False,False,False,False,False,0.0,2175.0,2022-07-05,1901,0,978425,525,1863.67,37.33,True,False,False,4135110.0,0.0
3631,2022-07-05 10:33:00+05:30,1901.2,1901.2,1901.2,1901.2,0,2175,88.14,,BANKNIFTY2270732300CE,CE,32300.0,2022-07-07,25,BANKNIFTY,0.0,1900.121,2175.0,,False,False,False,True,False,False,False,False,False,0.0,2175.0,2022-07-05,1901,0,978425,525,1863.67,37.33,True,False,False,4135110.0,0.0
3632,2022-07-05 10:34:00+05:30,1901.2,1901.2,1901.2,1901.2,0,2175,88.14,,BANKNIFTY2270732300CE,CE,32300.0,2022-07-07,25,BANKNIFTY,0.0,1901.4560000000001,2175.0,,False,False,False,False,False,False,False,False,False,0.0,2175.0,2022-07-05,1901,0,978425,525,1863.67,37.33,True,False,False,4135110.0,0.0
3633,2022-07-05 10:35:00+05:30,1901.2,1901.2,1901.2,1901.2,0,2175,88.14,,BANKNIFTY2270732300CE,CE,32300.0,2022-07-07,25,BANKNIFTY,0.0,1901.3280000000002,2175.0,,False,False,False,False,False,False,False,False,False,0.0,2175.0,2022-07-05,1901,0,978425,525,1863.67,37.33,True,False,False,4135110.0,0.0
3634,2022-07-05 10:36:00+05:30,1901.2,1901.2,1901.2,1901.2,0,2175,88.14,,BANKNIFTY2270732300CE,CE,32300.0,2022-07-07,25,BANKNIFTY,0.0,1901.2,2175.0,,False,False,False,False,False,False,False,False,False,0.0,2175.0,2022-07-05,1901,0,978425,525,1863.67,37.33,True,False,False,4135110.0,0.0
3635,2022-07-05 10:37:00+05:30,1901.2,1901.2,1901.2,1901.2,0,2175,88.14,,BANKNIFTY2270732300CE,CE,32300.0,2022-07-07,25,BANKNIFTY,0.0,1901.2,2175.0,,False,False,False,False,False,False,False,False,False,0.0,2175.0,2022-07-05,1901,0,978425,525,1863.67,37.33,True,False,False,4135110.0,0.0
3636,2022-07-05 10:38:00+05:30,1901.2,1901.2,1901.2,1901.2,0,2175,88.14,,BANKNIFTY2270732300CE,CE,32300.0,2022-07-07,25,BANKNIFTY,0.0,1901.2000000000003,2175.0,,False,False,False,False,False,False,False,False,False,0.0,2175.0,2022-07-05,1901,0,978425,525,1863.67,37.33,True,False,False,4135110.0,0.0
3637,2022-07-05 10:39:00+05:30,1901.2,1901.2,1901.2,1901.2,0,2175,88.14,,BANKNIFTY2270732300CE,CE,32300.0,2022-07-07,25,BANKNIFTY,0.0,1901.2,2175.0,,False,False,False,False,False,False,False,False,False,0.0,2175.0,2022-07-05,1901,0,978425,525,1863.67,37.33,True,False,False,4135110.0,0.0
3638,2022-07-05 10:40:00+05:30,1901.2,1901.2,1901.2,1901.2,0,2175,88.14,,BANKNIFTY2270732300CE,CE,32300.0,2022-07-07,25,BANKNIFTY,0.0,1901.2,2175.0,,False,False,False,False,False,False,False,False,False,0.0,2175.0,2022-07-05,1901,0,978425,525,1863.67,37.33,True,False,False,4135110.0,0.0
3639,2022-07-05 10:41:00+05:30,1901.2,1901.2,1901.2,1901.2,0,2175,88.14,,BANKNIFTY2270732300CE,CE,32300.0,2022-07-07,25,BANKNIFTY,0.0,1901.2,2175.0,,False,False,False,False,False,False,False,False,False,0.0,2175.0,2022-07-05,1901,0,978425,525,1863.67,37.33,True,False,False,4135110.0,0.0
3640,2022-07-05 10:42:00+05:30,1901.2,1901.2,1901.2,1901.2,0,2175,88.14,,BANKNIFTY2270732300CE,CE,32300.0,2022-07-07,25,BANKNIFTY,0.0,1901.2,2175.0,,False,False,False,False,False,False,False,False,False,0.0,2175.0,2022-07-05,1901,0,978425,525,1863.67,37.33,True,False,False,4135110.0,0.0
3641,2022-07-05 10:43:00+05:30,1901.2,1901.2,1901.2,1901.2,0,2175,88.14,,BANKNIFTY2270732300CE,CE,32300.0,2022-07-07,25,BANKNIFTY,0.0,1901.2000000000003,2175.0,,False,False,False,False,False,False,False,False,False,0.0,2175.0,2022-07-05,1901,0,978425,525,1863.67,37.33,True,False,False,4135110.0,0.0
3642,2022-07-05 10:44:00+05:30,1901.2,2000.0,1901.2,1996.95,150,2050,99.81,100.0,BANKNIFTY2270732300CE,CE,32300.0,2022-07-07,25,BANKNIFTY,7.5,1903.115,2168.75,20.0,True,True,True,True,False,False,True,True,True,-125.0,2050.0,2022-07-05,1966,294900,1273325,675,1886.41,79.59,True,True,False,3998730.0,125.0
3643,2022-07-05 10:45:00+05:30,1996.95,1996.95,1996.95,1996.95,0,2050,99.81,100.0,BANKNIFTY2270732300CE,CE,32300.0,2022-07-07,25,BANKNIFTY,7.5,1905.03,2162.5,0.0,True,False,False,True,False,False,True,False,False,0.0,2050.0,2022-07-05,1996,0,1273325,675,1886.41,109.59,True,True,False,4093747.5,0.0
3644,2022-07-05 10:46:00+05:30,1996.95,1996.95,1996.95,1996.95,0,2050,99.81,100.0,BANKNIFTY2270732300CE,CE,32300.0,2022-07-07,25,BANKNIFTY,7.5,1906.945,2156.25,0.0,True,False,False,True,False,False,True,False,False,0.0,2050.0,2022-07-05,1996,0,1273325,675,1886.41,109.59,True,False,False,4093747.5,0.0
3645,2022-07-05 10:47:00+05:30,1996.95,1996.95,1996.95,1996.95,0,2050,99.81,100.0,BANKNIFTY2270732300CE,CE,32300.0,2022-07-07,25,BANKNIFTY,7.5,1908.86,2150.0,0.0,True,False,False,True,False,False,True,False,False,0.0,2050.0,2022-07-05,1996,0,1273325,675,1886.41,109.59,True,False,False,4093747.5,0.0
3646,2022-07-05 10:48:00+05:30,1996.95,1996.95,1996.95,1996.95,0,2050,99.81,100.0,BANKNIFTY2270732300CE,CE,32300.0,2022-07-07,25,BANKNIFTY,7.5,1910.7750000000003,2143.75,0.0,True,False,False,True,False,False,True,False,False,0.0,2050.0,2022-07-05,1996,0,1273325,675,1886.41,109.59,True,False,False,4093747.5,0.0
3647,2022-07-05 10:49:00+05:30,1996.95,1996.95,1996.95,1996.95,0,2050,99.81,100.0,BANKNIFTY2270732300CE,CE,32300.0,2022-07-07,25,BANKNIFTY,7.5,1912.69,2137.5,0.0,True,False,False,True,False,False,True,False,False,0.0,2050.0,2022-07-05,1996,0,1273325,675,1886.41,109.59,True,False,False,4093747.5,0.0
3648,2022-07-05 10:50:00+05:30,1996.95,1996.95,1996.95,1996.95,0,2050,99.81,100.0,BANKNIFTY2270732300CE,CE,32300.0,2022-07-07,25,BANKNIFTY,7.5,1914.605,2131.25,0.0,True,False,False,True,False,False,True,False,False,0.0,2050.0,2022-07-05,1996,0,1273325,675,1886.41,109.59,True,False,False,4093747.5,0.0
3649,2022-07-05 10:51:00+05:30,1996.95,1996.95,1996.95,1996.95,0,2050,99.81,100.0,BANKNIFTY2270732300CE,CE,32300.0,2022-07-07,25,BANKNIFTY,7.5,1916.52,2125.0,0.0,True,False,False,True,False,False,True,False,False,0.0,2050.0,2022-07-05,1996,0,1273325,675,1886.41,109.59,True,False,False,4093747.5,0.0
3650,2022-07-05 10:52:00+05:30,1996.95,1996.95,1996.95,1996.95,0,2050,99.81,,BANKNIFTY2270732300CE,CE,32300.0,2022-07-07,25,BANKNIFTY,7.5,1918.435,2118.75,0.0,True,False,False,True,False,False,False,False,False,0.0,2050.0,2022-07-05,1996,0,1273325,675,1886.41,109.59,True,False,False,4093747.5,0.0
3651,2022-07-05 10:53:00+05:30,1996.95,1996.95,1996.95,1996.95,0,2050,99.81,,BANKNIFTY2270732300CE,CE,32300.0,2022-07-07,25,BANKNIFTY,7.5,1920.3500000000004,2112.5,0.0,True,False,False,True,False,False,False,False,False,0.0,2050.0,2022-07-05,1996,0,1273325,675,1886.41,109.59,True,False,False,4093747.5,0.0
3652,2022-07-05 10:54:00+05:30,1996.95,1996.95,1996.95,1996.95,0,2050,99.81,,BANKNIFTY2270732300CE,CE,32300.0,2022-07-07,25,BANKNIFTY,7.5,1922.265,2106.25,0.0,True,False,False,True,False,False,False,False,False,0.0,2050.0,2022-07-05,1996,0,1273325,675,1886.41,109.59,True,False,False,4093747.5,0.0
3653,2022-07-05 10:55:00+05:30,1996.95,1996.95,1996.95,1996.95,0,2050,99.81,,BANKNIFTY2270732300CE,CE,32300.0,2022-07-07,25,BANKNIFTY,7.5,1924.18,2100.0,0.0,True,False,False,True,False,False,False,False,False,0.0,2050.0,2022-07-05,1996,0,1273325,675,1886.41,109.59,True,False,False,4093747.5,0.0
3654,2022-07-05 10:56:00+05:30,1996.95,1996.95,1996.95,1996.95,0,2050,99.81,,BANKNIFTY2270732300CE,CE,32300.0,2022-07-07,25,BANKNIFTY,7.5,1926.095,2093.75,0.0,True,False,False,True,False,False,False,False,False,0.0,2050.0,2022-07-05,1996,0,1273325,675,1886.41,109.59,True,False,False,4093747.5,0.0
3655,2022-07-05 10:57:00+05:30,1996.95,1996.95,1996.95,1996.95,0,2050,99.81,,BANKNIFTY2270732300CE,CE,32300.0,2022-07-07,25,BANKNIFTY,7.5,1928.01,2087.5,0.0,True,False,False,True,False,False,False,False,False,0.0,2050.0,2022-07-05,1996,0,1273325,675,1886.41,109.59,True,False,False,4093747.5,0.0
3656,2022-07-05 10:58:00+05:30,1996.95,1996.95,1996.95,1996.95,0,2050,99.81,,BANKNIFTY2270732300CE,CE,32300.0,2022-07-07,25,BANKNIFTY,7.5,1929.9250000000002,2081.25,0.0,True,False,False,True,False,False,False,False,False,0.0,2050.0,2022-07-05,1996,0,1273325,675,1886.41,109.59,True,False,False,4093747.5,0.0
3657,2022-07-05 10:59:00+05:30,1996.95,1996.95,1979.85,1979.85,125,2025,65.06,-100.0,BANKNIFTY2270732300CE,CE,32300.0,2022-07-07,25,BANKNIFTY,13.75,1931.4979999999998,2073.75,9.09,True,True,True,True,False,False,False,False,False,-25.0,2025.0,2022-07-05,1985,248125,1521450,800,1901.81,83.19,True,False,False,4026510.0,25.0
3658,2022-07-05 11:00:00+05:30,1979.85,1979.85,1979.85,1979.85,0,2025,65.06,-100.0,BANKNIFTY2270732300CE,CE,32300.0,2022-07-07,25,BANKNIFTY,13.75,1933.0710000000001,2066.25,0.0,True,False,False,True,False,False,False,False,False,0.0,2025.0,2022-07-05,1979,0,1521450,800,1901.81,77.19,True,False,False,4009196.25,0.0
3659,2022-07-05 11:01:00+05:30,1979.85,1979.85,1979.85,1979.85,0,2025,65.06,-100.0,BANKNIFTY2270732300CE,CE,32300.0,2022-07-07,25,BANKNIFTY,13.75,1934.644,2058.75,0.0,True,False,False,True,False,False,False,False,False,0.0,2025.0,2022-07-05,1979,0,1521450,800,1901.81,77.19,True,False,False,4009196.25,0.0
3660,2022-07-05 11:02:00+05:30,1979.85,1979.85,1979.85,1979.85,0,2025,65.06,-100.0,BANKNIFTY2270732300CE,CE,32300.0,2022-07-07,25,BANKNIFTY,13.75,1936.217,2051.25,0.0,True,False,False,True,False,False,False,False,False,0.0,2025.0,2022-07-05,1979,0,1521450,800,1901.81,77.19,True,False,False,4009196.25,0.0
3661,2022-07-05 11:03:00+05:30,1979.85,1979.85,1979.85,1979.85,0,2025,65.06,-100.0,BANKNIFTY2270732300CE,CE,32300.0,2022-07-07,25,BANKNIFTY,13.75,1937.79,2043.75,0.0,True,False,False,True,False,False,False,False,False,0.0,2025.0,2022-07-05,1979,0,1521450,800,1901.81,77.19,True,False,False,4009196.25,0.0
3662,2022-07-05 11:04:00+05:30,1979.85,1979.85,1979.85,1979.85,0,2025,65.06,-100.0,BANKNIFTY2270732300CE,CE,32300.0,2022-07-07,25,BANKNIFTY,6.25,1939.3629999999998,2042.5,0.0,True,False,False,True,False,False,False,False,False,0.0,2025.0,2022-07-05,1979,0,1521450,800,1901.81,77.19,True,False,False,4009196.25,0.0
3663,2022-07-05 11:05:00+05:30,1979.85,1979.85,1979.85,1979.85,0,2025,65.06,-100.0,BANKNIFTY2270732300CE,CE,32300.0,2022-07-07,25,BANKNIFTY,6.25,1940.9360000000001,2041.25,0.0,True,False,False,True,False,False,False,False,False,0.0,2025.0,2022-07-05,1979,0,1521450,800,1901.81,77.19,True,False,False,4009196.25,0.0
3664,2022-07-05 11:06:00+05:30,1979.85,1979.85,1979.85,1979.85,0,2025,65.06,-100.0,BANKNIFTY2270732300CE,CE,32300.0,2022-07-07,25,BANKNIFTY,6.25,1942.509,2040.0,0.0,True,False,False,True,False,False,False,False,False,0.0,2025.0,2022-07-05,1979,0,1521450,800,1901.81,77.19,True,False,False,4009196.25,0.0
3665,2022-07-05 11:07:00+05:30,1979.85,1979.85,1979.85,1979.85,0,2025,65.06,,BANKNIFTY2270732300CE,CE,32300.0,2022-07-07,25,BANKNIFTY,6.25,1944.082,2038.75,0.0,True,False,False,True,False,False,False,False,False,0.0,2025.0,2022-07-05,1979,0,1521450,800,1901.81,77.19,True,False,False,4009196.25,0.0
3666,2022-07-05 11:08:00+05:30,1979.85,1979.85,1979.85,1979.85,0,2025,65.06,,BANKNIFTY2270732300CE,CE,32300.0,2022-07-07,25,BANKNIFTY,6.25,1945.655,2037.5,0.0,True,False,False,True,False,False,False,False,False,0.0,2025.0,2022-07-05,1979,0,1521450,800,1901.81,77.19,True,False,False,4009196.25,0.0
3667,2022-07-05 11:09:00+05:30,1979.85,1979.85,1979.85,1979.85,0,2025,65.06,,BANKNIFTY2270732300CE,CE,32300.0,2022-07-07,25,BANKNIFTY,6.25,1947.2279999999998,2036.25,0.0,True,False,False,True,False,False,False,False,False,0.0,2025.0,2022-07-05,1979,0,1521450,800,1901.81,77.19,True,False,False,4009196.25,0.0
3668,2022-07-05 11:10:00+05:30,1979.85,1979.85,1979.85,1979.85,0,2025,65.06,,BANKNIFTY2270732300CE,CE,32300.0,2022-07-07,25,BANKNIFTY,6.25,1948.8010000000002,2035.0,0.0,True,False,False,True,False,False,False,False,False,0.0,2025.0,2022-07-05,1979,0,1521450,800,1901.81,77.19,True,False,False,4009196.25,0.0
3669,2022-07-05 11:11:00+05:30,1979.85,1979.85,1979.85,1979.85,0,2025,65.06,,BANKNIFTY2270732300CE,CE,32300.0,2022-07-07,25,BANKNIFTY,6.25,1950.374,2033.75,0.0,True,False,False,True,False,False,False,False,False,0.0,2025.0,2022-07-05,1979,0,1521450,800,1901.81,77.19,True,False,False,4009196.25,0.0
3670,2022-07-05 11:12:00+05:30,1979.85,1979.85,1979.85,1979.85,0,2025,65.06,,BANKNIFTY2270732300CE,CE,32300.0,2022-07-07,25,BANKNIFTY,6.25,1951.9470000000001,2032.5,0.0,True,False,False,True,False,False,False,False,False,0.0,2025.0,2022-07-05,1979,0,1521450,800,1901.81,77.19,True,False,False,4009196.25,0.0
3671,2022-07-05 11:13:00+05:30,1979.85,1979.85,1979.85,1979.85,0,2025,65.06,,BANKNIFTY2270732300CE,CE,32300.0,2022-07-07,25,BANKNIFTY,6.25,1953.52,2031.25,0.0,True,False,False,True,False,False,False,False,False,0.0,2025.0,2022-07-05,1979,0,1521450,800,1901.81,77.19,True,False,False,4009196.25,0.0
3672,2022-07-05 11:14:00+05:30,1979.85,1979.85,1979.85,1979.85,0,2025,65.06,,BANKNIFTY2270732300CE,CE,32300.0,2022-07-07,25,BANKNIFTY,6.25,1955.0929999999998,2030.0,0.0,True,False,False,True,False,False,False,False,False,0.0,2025.0,2022-07-05,1979,0,1521450,800,1901.81,77.19,True,False,False,4009196.25,0.0
3673,2022-07-05 11:15:00+05:30,1979.85,1979.85,1979.85,1979.85,0,2025,65.06,,BANKNIFTY2270732300CE,CE,32300.0,2022-07-07,25,BANKNIFTY,6.25,1956.6660000000002,2028.75,0.0,True,False,False,True,False,False,False,False,False,0.0,2025.0,2022-07-05,1979,0,1521450,800,1901.81,77.19,True,False,False,4009196.25,0.0
3674,2022-07-05 11:16:00+05:30,1979.85,1979.85,1979.85,1979.85,0,2025,65.06,,BANKNIFTY2270732300CE,CE,32300.0,2022-07-07,25,BANKNIFTY,6.25,1958.239,2027.5,0.0,True,False,False,True,False,False,False,False,False,0.0,2025.0,2022-07-05,1979,0,1521450,800,1901.81,77.19,True,False,False,4009196.25,0.0
3675,2022-07-05 11:17:00+05:30,1979.85,1979.85,1979.85,1979.85,0,2025,65.06,,BANKNIFTY2270732300CE,CE,32300.0,2022-07-07,25,BANKNIFTY,6.25,1959.8120000000001,2026.25,0.0,True,False,False,True,False,False,False,False,False,0.0,2025.0,2022-07-05,1979,0,1521450,800,1901.81,77.19,True,False,False,4009196.25,0.0
3676,2022-07-05 11:18:00+05:30,1979.85,1979.85,1979.85,1979.85,0,2025,65.06,,BANKNIFTY2270732300CE,CE,32300.0,2022-07-07,25,BANKNIFTY,6.25,1961.385,2025.0,0.0,False,False,False,True,False,False,False,False,False,0.0,2025.0,2022-07-05,1979,0,1521450,800,1901.81,77.19,True,False,False,4009196.25,0.0
3677,2022-07-05 11:19:00+05:30,1979.85,1979.85,1979.85,1979.85,0,2025,65.06,,BANKNIFTY2270732300CE,CE,32300.0,2022-07-07,25,BANKNIFTY,0.0,1962.9579999999999,2025.0,,False,False,False,True,False,False,False,False,False,0.0,2025.0,2022-07-05,1979,0,1521450,800,1901.81,77.19,True,False,False,4009196.25,0.0
3678,2022-07-05 11:20:00+05:30,1979.85,1979.85,1979.85,1979.85,0,2025,65.06,,BANKNIFTY2270732300CE,CE,32300.0,2022-07-07,25,BANKNIFTY,0.0,1964.531,2025.0,,False,False,False,True,False,False,False,False,False,0.0,2025.0,2022-07-05,1979,0,1521450,800,1901.81,77.19,True,False,False,4009196.25,0.0
3679,2022-07-05 11:21:00+05:30,1979.85,1979.85,1979.85,1979.85,0,2025,65.06,,BANKNIFTY2270732300CE,CE,32300.0,2022-07-07,25,BANKNIFTY,0.0,1966.104,2025.0,,False,False,False,True,False,False,False,False,False,0.0,2025.0,2022-07-05,1979,0,1521450,800,1901.81,77.19,True,False,False,4009196.25,0.0
3680,2022-07-05 11:22:00+05:30,1979.85,1979.85,1979.85,1979.85,0,2025,65.06,,BANKNIFTY2270732300CE,CE,32300.0,2022-07-07,25,BANKNIFTY,0.0,1967.6770000000001,2025.0,,False,False,False,True,False,False,False,False,False,0.0,2025.0,2022-07-05,1979,0,1521450,800,1901.81,77.19,True,False,False,4009196.25,0.0
3681,2022-07-05 11:23:00+05:30,1979.85,1979.85,1979.85,1979.85,0,2025,65.06,,BANKNIFTY2270732300CE,CE,32300.0,2022-07-07,25,BANKNIFTY,0.0,1969.2499999999998,2025.0,,False,False,False,True,False,False,False,False,False,0.0,2025.0,2022-07-05,1979,0,1521450,800,1901.81,77.19,True,False,False,4009196.25,0.0
3682,2022-07-05 11:24:00+05:30,1979.85,1979.85,1967.45,1967.45,125,1950,24.93,-100.0,BANKNIFTY2270732300CE,CE,32300.0,2022-07-07,25,BANKNIFTY,6.25,1970.575,2021.25,20.0,True,True,True,False,False,True,False,False,False,-75.0,1950.0,2022-07-05,1971,246375,1767825,925,1911.16,59.84,True,False,False,3848617.5,75.0
3683,2022-07-05 11:25:00+05:30,1967.45,1972.45,1967.45,1972.45,100,1950,40.79,-42.528735632183455,BANKNIFTY2270732300CE,CE,32300.0,2022-07-07,25,BANKNIFTY,11.25,1972.0,2017.5,8.89,True,False,True,True,False,False,False,True,True,0.0,1950.0,2022-07-05,1970,197000,1964825,1025,1916.9,53.1,True,False,False,3841402.5,0.0
3684,2022-07-05 11:26:00+05:30,1972.45,1974.6,1972.45,1974.6,75,1950,46.07,-26.85421994884948,BANKNIFTY2270732300CE,CE,32300.0,2022-07-07,25,BANKNIFTY,15.0,1973.4679999999998,2013.75,5.0,True,False,True,True,False,False,False,True,True,0.0,1950.0,2022-07-05,1973,147975,2112800,1100,1920.73,52.27,True,False,False,3848373.75,0.0
3685,2022-07-05 11:27:00+05:30,1974.6,1978.75,1974.6,1978.75,25,1900,54.5,-4.641350210970116,BANKNIFTY2270732300CE,CE,32300.0,2022-07-07,25,BANKNIFTY,16.25,1975.019,2007.5,1.54,True,True,True,True,False,False,False,True,True,-50.0,1900.0,2022-07-05,1977,49425,2162225,1125,1921.98,55.02,True,True,False,3755682.5,50.0
3686,2022-07-05 11:28:00+05:30,1978.75,1978.75,1978.75,1978.75,0,1900,54.5,-4.641350210970116,BANKNIFTY2270732300CE,CE,32300.0,2022-07-07,25,BANKNIFTY,16.25,1976.5699999999997,2001.25,0.0,True,False,False,True,False,False,False,False,False,0.0,1900.0,2022-07-05,1978,0,2162225,1125,1921.98,56.02,True,True,False,3759625.0,0.0
3687,2022-07-05 11:29:00+05:30,1978.75,1978.75,1978.75,1978.75,0,1900,54.5,-4.641350210970116,BANKNIFTY2270732300CE,CE,32300.0,2022-07-07,25,BANKNIFTY,16.25,1978.1209999999999,1995.0,0.0,True,False,False,True,False,False,False,False,False,0.0,1900.0,2022-07-05,1978,0,2162225,1125,1921.98,56.02,True,False,False,3759625.0,0.0
3688,2022-07-05 11:30:00+05:30,1978.75,1978.75,1978.75,1978.75,0,1900,54.5,-4.641350210970116,BANKNIFTY2270732300CE,CE,32300.0,2022-07-07,25,BANKNIFTY,16.25,1979.6719999999998,1988.75,0.0,True,False,False,False,False,False,False,False,False,0.0,1900.0,2022-07-05,1978,0,2162225,1125,1921.98,56.02,True,False,False,3759625.0,0.0
3689,2022-07-05 11:31:00+05:30,1978.75,1978.75,1978.75,1978.75,0,1900,54.5,-4.641350210970116,BANKNIFTY2270732300CE,CE,32300.0,2022-07-07,25,BANKNIFTY,16.25,1981.223,1982.5,0.0,True,False,False,False,False,False,False,False,False,0.0,1900.0,2022-07-05,1978,0,2162225,1125,1921.98,56.02,True,False,False,3759625.0,0.0
3690,2022-07-05 11:32:00+05:30,1978.75,1978.75,1978.75,1978.75,0,1900,54.5,100.0,BANKNIFTY2270732300CE,CE,32300.0,2022-07-07,25,BANKNIFTY,16.25,1982.774,1976.25,0.0,True,False,False,False,False,False,True,False,False,0.0,1900.0,2022-07-05,1978,0,2162225,1125,1921.98,56.02,True,False,False,3759625.0,0.0
3691,2022-07-05 11:33:00+05:30,1978.75,1978.75,1978.75,1978.75,0,1900,54.5,100.0,BANKNIFTY2270732300CE,CE,32300.0,2022-07-07,25,BANKNIFTY,16.25,1984.3249999999998,1970.0,0.0,True,False,False,False,False,False,True,False,False,0.0,1900.0,2022-07-05,1978,0,2162225,1125,1921.98,56.02,True,False,False,3759625.0,0.0
3692,2022-07-05 11:34:00+05:30,1978.75,1978.75,1978.75,1978.75,0,1900,54.5,100.0,BANKNIFTY2270732300CE,CE,32300.0,2022-07-07,25,BANKNIFTY,16.25,1983.9609999999998,1963.75,0.0,True,False,False,False,False,False,True,False,False,0.0,1900.0,2022-07-05,1978,0,2162225,1125,1921.98,56.02,True,False,False,3759625.0,0.0
3693,2022-07-05 11:35:00+05:30,1978.75,1978.75,1978.75,1978.75,0,1900,54.5,,BANKNIFTY2270732300CE,CE,32300.0,2022-07-07,25,BANKNIFTY,16.25,1983.5969999999998,1957.5,0.0,True,False,False,False,False,False,False,False,False,0.0,1900.0,2022-07-05,1978,0,2162225,1125,1921.98,56.02,True,False,False,3759625.0,0.0
3694,2022-07-05 11:36:00+05:30,1978.75,1978.75,1978.75,1978.75,0,1900,54.5,,BANKNIFTY2270732300CE,CE,32300.0,2022-07-07,25,BANKNIFTY,16.25,1983.233,1951.25,0.0,True,False,False,False,False,False,False,False,False,0.0,1900.0,2022-07-05,1978,0,2162225,1125,1921.98,56.02,True,False,False,3759625.0,0.0
3695,2022-07-05 11:37:00+05:30,1978.75,1978.75,1978.75,1978.75,0,1900,54.5,,BANKNIFTY2270732300CE,CE,32300.0,2022-07-07,25,BANKNIFTY,16.25,1982.869,1945.0,0.0,True,False,False,False,False,False,False,False,False,0.0,1900.0,2022-07-05,1978,0,2162225,1125,1921.98,56.02,True,False,False,3759625.0,0.0
3696,2022-07-05 11:38:00+05:30,1978.75,1978.75,1978.75,1978.75,0,1900,54.5,,BANKNIFTY2270732300CE,CE,32300.0,2022-07-07,25,BANKNIFTY,16.25,1982.5049999999997,1938.75,0.0,True,False,False,False,False,False,False,False,False,0.0,1900.0,2022-07-05,1978,0,2162225,1125,1921.98,56.02,True,False,False,3759625.0,0.0
3697,2022-07-05 11:39:00+05:30,1978.75,1978.75,1978.75,1978.75,0,1900,54.5,,BANKNIFTY2270732300CE,CE,32300.0,2022-07-07,25,BANKNIFTY,16.25,1982.1409999999998,1932.5,0.0,True,False,False,False,False,False,False,False,False,0.0,1900.0,2022-07-05,1978,0,2162225,1125,1921.98,56.02,True,False,False,3759625.0,0.0
3698,2022-07-05 11:40:00+05:30,1978.75,1978.75,1978.75,1978.75,0,1900,54.5,,BANKNIFTY2270732300CE,CE,32300.0,2022-07-07,25,BANKNIFTY,16.25,1981.7769999999998,1926.25,0.0,True,False,False,False,False,False,False,False,False,0.0,1900.0,2022-07-05,1978,0,2162225,1125,1921.98,56.02,True,False,False,3759625.0,0.0
3699,2022-07-05 11:41:00+05:30,1978.75,1978.75,1978.75,1978.75,0,1900,54.5,,BANKNIFTY2270732300CE,CE,32300.0,2022-07-07,25,BANKNIFTY,16.25,1981.4129999999998,1920.0,0.0,True,False,False,False,False,False,False,False,False,0.0,1900.0,2022-07-05,1978,0,2162225,1125,1921.98,56.02,True,False,False,3759625.0,0.0
3700,2022-07-05 11:42:00+05:30,1978.75,1978.75,1978.75,1978.75,0,1900,54.5,,BANKNIFTY2270732300CE,CE,32300.0,2022-07-07,25,BANKNIFTY,16.25,1981.049,1913.75,0.0,True,False,False,False,False,False,False,False,False,0.0,1900.0,2022-07-05,1978,0,2162225,1125,1921.98,56.02,True,False,False,3759625.0,0.0
3701,2022-07-05 11:43:00+05:30,1978.75,1978.75,1978.75,1978.75,0,1900,54.5,,BANKNIFTY2270732300CE,CE,32300.0,2022-07-07,25,BANKNIFTY,16.25,1980.6849999999997,1907.5,0.0,True,False,False,False,False,False,False,False,False,0.0,1900.0,2022-07-05,1978,0,2162225,1125,1921.98,56.02,True,False,False,3759625.0,0.0
3702,2022-07-05 11:44:00+05:30,1978.75,1978.75,1978.75,1978.75,0,1900,54.5,,BANKNIFTY2270732300CE,CE,32300.0,2022-07-07,25,BANKNIFTY,10.0,1980.3209999999997,1905.0,0.0,True,False,False,False,False,False,False,False,False,0.0,1900.0,2022-07-05,1978,0,2162225,1125,1921.98,56.02,True,False,False,3759625.0,0.0
3703,2022-07-05 11:45:00+05:30,1978.75,1978.75,1978.75,1978.75,0,1900,54.5,,BANKNIFTY2270732300CE,CE,32300.0,2022-07-07,25,BANKNIFTY,5.0,1979.9569999999999,1902.5,0.0,True,False,False,False,False,False,False,False,False,0.0,1900.0,2022-07-05,1978,0,2162225,1125,1921.98,56.02,True,False,False,3759625.0,0.0
3704,2022-07-05 11:46:00+05:30,1978.75,1978.75,1978.75,1978.75,0,1900,54.5,,BANKNIFTY2270732300CE,CE,32300.0,2022-07-07,25,BANKNIFTY,1.25,1979.5929999999998,1900.0,0.0,False,False,False,False,False,False,False,False,False,0.0,1900.0,2022-07-05,1978,0,2162225,1125,1921.98,56.02,True,False,False,3759625.0,0.0
3705,2022-07-05 11:47:00+05:30,1978.75,1978.75,1978.75,1978.75,0,1900,54.5,,BANKNIFTY2270732300CE,CE,32300.0,2022-07-07,25,BANKNIFTY,0.0,1979.229,1900.0,,False,False,False,False,False,False,False,False,False,0.0,1900.0,2022-07-05,1978,0,2162225,1125,1921.98,56.02,True,False,False,3759625.0,0.0
3706,2022-07-05 11:48:00+05:30,1978.75,1978.75,1978.75,1978.75,0,1900,54.5,,BANKNIFTY2270732300CE,CE,32300.0,2022-07-07,25,BANKNIFTY,0.0,1978.8649999999998,1900.0,,False,False,False,False,False,False,False,False,False,0.0,1900.0,2022-07-05,1978,0,2162225,1125,1921.98,56.02,True,False,False,3759625.0,0.0
3707,2022-07-05 11:49:00+05:30,1978.75,1978.75,1978.75,1978.75,0,1900,54.5,,BANKNIFTY2270732300CE,CE,32300.0,2022-07-07,25,BANKNIFTY,0.0,1978.8429999999998,1900.0,,False,False,False,False,False,False,False,False,False,0.0,1900.0,2022-07-05,1978,0,2162225,1125,1921.98,56.02,True,False,False,3759625.0,0.0
3708,2022-07-05 11:50:00+05:30,1978.75,1978.75,1978.75,1978.75,0,1900,54.5,,BANKNIFTY2270732300CE,CE,32300.0,2022-07-07,25,BANKNIFTY,0.0,1978.8209999999997,1900.0,,False,False,False,False,False,False,False,False,False,0.0,1900.0,2022-07-05,1978,0,2162225,1125,1921.98,56.02,True,False,False,3759625.0,0.0
3709,2022-07-05 11:51:00+05:30,1978.75,1978.75,1978.75,1978.75,0,1900,54.5,,BANKNIFTY2270732300CE,CE,32300.0,2022-07-07,25,BANKNIFTY,0.0,1978.799,1900.0,,False,False,False,False,False,False,False,False,False,0.0,1900.0,2022-07-05,1978,0,2162225,1125,1921.98,56.02,True,False,False,3759625.0,0.0
3710,2022-07-05 11:52:00+05:30,1978.75,1978.75,1978.75,1978.75,0,1900,54.5,,BANKNIFTY2270732300CE,CE,32300.0,2022-07-07,25,BANKNIFTY,0.0,1978.7769999999998,1900.0,,False,False,False,False,False,False,False,False,False,0.0,1900.0,2022-07-05,1978,0,2162225,1125,1921.98,56.02,True,False,False,3759625.0,0.0
3711,2022-07-05 11:53:00+05:30,1978.75,1978.75,1978.75,1978.75,0,1900,54.5,,BANKNIFTY2270732300CE,CE,32300.0,2022-07-07,25,BANKNIFTY,0.0,1978.7549999999997,1900.0,,False,False,False,False,False,False,False,False,False,0.0,1900.0,2022-07-05,1978,0,2162225,1125,1921.98,56.02,True,False,False,3759625.0,0.0
3712,2022-07-05 11:54:00+05:30,1978.75,1978.75,1978.75,1978.75,0,1900,54.5,,BANKNIFTY2270732300CE,CE,32300.0,2022-07-07,25,BANKNIFTY,0.0,1978.733,1900.0,,False,False,False,True,False,False,False,False,False,0.0,1900.0,2022-07-05,1978,0,2162225,1125,1921.98,56.02,True,False,False,3759625.0,0.0
3713,2022-07-05 11:55:00+05:30,1978.75,1978.75,1978.75,1978.75,0,1900,54.5,,BANKNIFTY2270732300CE,CE,32300.0,2022-07-07,25,BANKNIFTY,0.0,1978.7109999999998,1900.0,,False,False,False,True,False,False,False,False,False,0.0,1900.0,2022-07-05,1978,0,2162225,1125,1921.98,56.02,True,False,False,3759625.0,0.0
3714,2022-07-05 11:56:00+05:30,1978.75,1978.75,1978.75,1978.75,0,1900,54.5,,BANKNIFTY2270732300CE,CE,32300.0,2022-07-07,25,BANKNIFTY,0.0,1978.6889999999999,1900.0,,False,False,False,True,False,False,False,False,False,0.0,1900.0,2022-07-05,1978,0,2162225,1125,1921.98,56.02,True,False,False,3759625.0,0.0
3715,2022-07-05 11:57:00+05:30,1978.75,1978.75,1978.75,1978.75,0,1900,54.5,,BANKNIFTY2270732300CE,CE,32300.0,2022-07-07,25,BANKNIFTY,0.0,1978.667,1900.0,,False,False,False,True,False,False,False,False,False,0.0,1900.0,2022-07-05,1978,0,2162225,1125,1921.98,56.02,True,False,False,3759625.0,0.0
3716,2022-07-05 11:58:00+05:30,1978.75,1978.75,1978.75,1978.75,0,1900,54.5,,BANKNIFTY2270732300CE,CE,32300.0,2022-07-07,25,BANKNIFTY,0.0,1978.6449999999998,1900.0,,False,False,False,True,False,False,False,False,False,0.0,1900.0,2022-07-05,1978,0,2162225,1125,1921.98,56.02,True,False,False,3759625.0,0.0
3717,2022-07-05 11:59:00+05:30,1978.75,1978.75,1978.75,1978.75,0,1900,54.5,,BANKNIFTY2270732300CE,CE,32300.0,2022-07-07,25,BANKNIFTY,0.0,1978.6229999999998,1900.0,,False,False,False,True,False,False,False,False,False,0.0,1900.0,2022-07-05,1978,0,2162225,1125,1921.98,56.02,True,False,False,3759625.0,0.0
3718,2022-07-05 12:00:00+05:30,1978.75,1978.75,1978.75,1978.75,0,1900,54.5,,BANKNIFTY2270732300CE,CE,32300.0,2022-07-07,25,BANKNIFTY,0.0,1978.6009999999997,1900.0,,False,False,False,True,False,False,False,False,False,0.0,1900.0,2022-07-05,1978,0,2162225,1125,1921.98,56.02,True,False,False,3759625.0,0.0
3719,2022-07-05 12:01:00+05:30,1978.75,1978.75,1978.75,1978.75,0,1900,54.5,,BANKNIFTY2270732300CE,CE,32300.0,2022-07-07,25,BANKNIFTY,0.0,1978.579,1900.0,,False,False,False,True,False,False,False,False,False,0.0,1900.0,2022-07-05,1978,0,2162225,1125,1921.98,56.02,True,False,False,3759625.0,0.0
3720,2022-07-05 12:02:00+05:30,1978.75,1978.75,1978.75,1978.75,0,1900,54.5,,BANKNIFTY2270732300CE,CE,32300.0,2022-07-07,25,BANKNIFTY,0.0,1978.5569999999998,1900.0,,False,False,False,True,False,False,False,False,False,0.0,1900.0,2022-07-05,1978,0,2162225,1125,1921.98,56.02,True,False,False,3759625.0,0.0
3721,2022-07-05 12:03:00+05:30,1978.75,1978.75,1978.75,1978.75,0,1900,54.5,,BANKNIFTY2270732300CE,CE,32300.0,2022-07-07,25,BANKNIFTY,0.0,1978.5349999999996,1900.0,,False,False,False,True,False,False,False,False,False,0.0,1900.0,2022-07-05,1978,0,2162225,1125,1921.98,56.02,True,False,False,3759625.0,0.0
3722,2022-07-05 12:04:00+05:30,1978.75,1978.75,1978.75,1978.75,0,1900,54.5,,BANKNIFTY2270732300CE,CE,32300.0,2022-07-07,25,BANKNIFTY,0.0,1978.513,1900.0,,False,False,False,True,False,False,False,False,False,0.0,1900.0,2022-07-05,1978,0,2162225,1125,1921.98,56.02,True,False,False,3759625.0,0.0
3723,2022-07-05 12:05:00+05:30,1978.75,1978.75,1978.75,1978.75,0,1900,54.5,,BANKNIFTY2270732300CE,CE,32300.0,2022-07-07,25,BANKNIFTY,0.0,1978.4909999999998,1900.0,,False,False,False,True,False,False,False,False,False,0.0,1900.0,2022-07-05,1978,0,2162225,1125,1921.98,56.02,True,False,False,3759625.0,0.0
3724,2022-07-05 12:06:00+05:30,1978.75,1978.75,1978.75,1978.75,0,1900,54.5,,BANKNIFTY2270732300CE,CE,32300.0,2022-07-07,25,BANKNIFTY,0.0,1978.469,1900.0,,False,False,False,True,False,False,False,False,False,0.0,1900.0,2022-07-05,1978,0,2162225,1125,1921.98,56.02,True,False,False,3759625.0,0.0
3725,2022-07-05 12:07:00+05:30,1978.75,1978.75,1978.75,1978.75,0,1900,54.5,,BANKNIFTY2270732300CE,CE,32300.0,2022-07-07,25,BANKNIFTY,0.0,1978.447,1900.0,,False,False,False,True,False,False,False,False,False,0.0,1900.0,2022-07-05,1978,0,2162225,1125,1921.98,56.02,True,False,False,3759625.0,0.0
3726,2022-07-05 12:08:00+05:30,1978.75,1978.75,1978.75,1978.75,0,1900,54.5,,BANKNIFTY2270732300CE,CE,32300.0,2022-07-07,25,BANKNIFTY,0.0,1978.4249999999997,1900.0,,False,False,False,True,False,False,False,False,False,0.0,1900.0,2022-07-05,1978,0,2162225,1125,1921.98,56.02,True,False,False,3759625.0,0.0
3727,2022-07-05 12:09:00+05:30,1978.75,1978.75,1978.75,1978.75,0,1900,54.5,,BANKNIFTY2270732300CE,CE,32300.0,2022-07-07,25,BANKNIFTY,0.0,1978.4029999999998,1900.0,,False,False,False,True,False,False,False,False,False,0.0,1900.0,2022-07-05,1978,0,2162225,1125,1921.98,56.02,True,False,False,3759625.0,0.0
3728,2022-07-05 12:10:00+05:30,1978.75,1978.75,1978.75,1978.75,0,1900,54.5,,BANKNIFTY2270732300CE,CE,32300.0,2022-07-07,25,BANKNIFTY,0.0,1978.3809999999999,1900.0,,False,False,False,True,False,False,False,False,False,0.0,1900.0,2022-07-05,1978,0,2162225,1125,1921.98,56.02,True,False,False,3759625.0,0.0
3729,2022-07-05 12:11:00+05:30,1978.75,1978.75,1978.75,1978.75,0,1900,54.5,,BANKNIFTY2270732300CE,CE,32300.0,2022-07-07,25,BANKNIFTY,0.0,1978.359,1900.0,,False,False,False,True,False,False,False,False,False,0.0,1900.0,2022-07-05,1978,0,2162225,1125,1921.98,56.02,True,False,False,3759625.0,0.0
3730,2022-07-05 12:12:00+05:30,1978.75,1978.75,1978.75,1978.75,0,1900,54.5,,BANKNIFTY2270732300CE,CE,32300.0,2022-07-07,25,BANKNIFTY,0.0,1978.3369999999998,1900.0,,False,False,False,True,False,False,False,False,False,0.0,1900.0,2022-07-05,1978,0,2162225,1125,1921.98,56.02,True,False,False,3759625.0,0.0
3731,2022-07-05 12:13:00+05:30,1978.75,1978.75,1978.75,1978.75,0,1900,54.5,,BANKNIFTY2270732300CE,CE,32300.0,2022-07-07,25,BANKNIFTY,0.0,1978.315,1900.0,,False,False,False,True,False,False,False,False,False,0.0,1900.0,2022-07-05,1978,0,2162225,1125,1921.98,56.02,True,False,False,3759625.0,0.0
3732,2022-07-05 12:14:00+05:30,1978.75,1978.75,1978.75,1978.75,0,1900,54.5,,BANKNIFTY2270732300CE,CE,32300.0,2022-07-07,25,BANKNIFTY,0.0,1978.5409999999997,1900.0,,False,False,False,True,False,False,False,False,False,0.0,1900.0,2022-07-05,1978,0,2162225,1125,1921.98,56.02,True,False,False,3759625.0,0.0
3733,2022-07-05 12:15:00+05:30,1978.75,1978.75,1978.75,1978.75,0,1900,54.5,,BANKNIFTY2270732300CE,CE,32300.0,2022-07-07,25,BANKNIFTY,0.0,1978.667,1900.0,,False,False,False,True,False,False,False,False,False,0.0,1900.0,2022-07-05,1978,0,2162225,1125,1921.98,56.02,True,False,False,3759625.0,0.0
3734,2022-07-05 12:16:00+05:30,1978.75,2011.15,1978.75,2011.15,25,1875,99.03,100.0,BANKNIFTY2270732300CE,CE,32300.0,2022-07-07,25,BANKNIFTY,1.25,1979.3980000000001,1898.75,20.0,True,True,True,True,False,False,True,True,True,-25.0,1875.0,2022-07-05,2000,50000,2212225,1150,1923.67,76.33,True,True,False,3740531.25,25.0
3735,2022-07-05 12:17:00+05:30,2011.15,2011.15,2011.15,2011.15,0,1875,99.03,100.0,BANKNIFTY2270732300CE,CE,32300.0,2022-07-07,25,BANKNIFTY,1.25,1980.046,1897.5,0.0,True,False,False,True,False,False,True,False,False,0.0,1875.0,2022-07-05,2011,0,2212225,1150,1923.67,87.33,True,True,False,3770906.25,0.0
3736,2022-07-05 12:18:00+05:30,2011.15,2011.15,2011.15,2011.15,0,1875,99.03,100.0,BANKNIFTY2270732300CE,CE,32300.0,2022-07-07,25,BANKNIFTY,1.25,1980.6940000000002,1896.25,0.0,True,False,False,True,False,False,True,False,False,0.0,1875.0,2022-07-05,2011,0,2212225,1150,1923.67,87.33,True,False,False,3770906.25,0.0
3737,2022-07-05 12:19:00+05:30,2011.15,2011.15,2011.15,2011.15,0,1875,99.03,100.0,BANKNIFTY2270732300CE,CE,32300.0,2022-07-07,25,BANKNIFTY,1.25,1981.342,1895.0,0.0,True,False,False,True,False,False,True,False,False,0.0,1875.0,2022-07-05,2011,0,2212225,1150,1923.67,87.33,True,False,False,3770906.25,0.0
3738,2022-07-05 12:20:00+05:30,2011.15,2011.15,2011.15,2011.15,0,1875,99.03,100.0,BANKNIFTY2270732300CE,CE,32300.0,2022-07-07,25,BANKNIFTY,1.25,1981.9900000000002,1893.75,0.0,True,False,False,True,False,False,True,False,False,0.0,1875.0,2022-07-05,2011,0,2212225,1150,1923.67,87.33,True,False,False,3770906.25,0.0
3739,2022-07-05 12:21:00+05:30,2011.15,2011.15,2011.15,2011.15,0,1875,99.03,100.0,BANKNIFTY2270732300CE,CE,32300.0,2022-07-07,25,BANKNIFTY,1.25,1982.6380000000001,1892.5,0.0,True,False,False,True,False,False,True,False,False,0.0,1875.0,2022-07-05,2011,0,2212225,1150,1923.67,87.33,True,False,False,3770906.25,0.0
3740,2022-07-05 12:22:00+05:30,2011.15,2011.15,2011.15,2011.15,0,1875,99.03,100.0,BANKNIFTY2270732300CE,CE,32300.0,2022-07-07,25,BANKNIFTY,1.25,1983.286,1891.25,0.0,True,False,False,True,False,False,True,False,False,0.0,1875.0,2022-07-05,2011,0,2212225,1150,1923.67,87.33,True,False,False,3770906.25,0.0
3741,2022-07-05 12:23:00+05:30,2011.15,2011.15,2011.15,2011.15,0,1875,99.03,100.0,BANKNIFTY2270732300CE,CE,32300.0,2022-07-07,25,BANKNIFTY,1.25,1983.9340000000002,1890.0,0.0,True,False,False,True,False,False,True,False,False,0.0,1875.0,2022-07-05,2011,0,2212225,1150,1923.67,87.33,True,False,False,3770906.25,0.0
3742,2022-07-05 12:24:00+05:30,2011.15,2011.15,2011.15,2011.15,0,1875,99.03,,BANKNIFTY2270732300CE,CE,32300.0,2022-07-07,25,BANKNIFTY,1.25,1984.582,1888.75,0.0,True,False,False,True,False,False,False,False,False,0.0,1875.0,2022-07-05,2011,0,2212225,1150,1923.67,87.33,True,False,False,3770906.25,0.0
3743,2022-07-05 12:25:00+05:30,2011.15,2011.15,2011.15,2011.15,0,1875,99.03,,BANKNIFTY2270732300CE,CE,32300.0,2022-07-07,25,BANKNIFTY,1.25,1985.2300000000002,1887.5,0.0,True,False,False,True,False,False,False,False,False,0.0,1875.0,2022-07-05,2011,0,2212225,1150,1923.67,87.33,True,False,False,3770906.25,0.0
3744,2022-07-05 12:26:00+05:30,2011.15,2011.15,2011.15,2011.15,0,1875,99.03,,BANKNIFTY2270732300CE,CE,32300.0,2022-07-07,25,BANKNIFTY,1.25,1985.8780000000002,1886.25,0.0,True,False,False,True,False,False,False,False,False,0.0,1875.0,2022-07-05,2011,0,2212225,1150,1923.67,87.33,True,False,False,3770906.25,0.0
3745,2022-07-05 12:27:00+05:30,2011.15,2011.15,2011.15,2011.15,0,1875,99.03,,BANKNIFTY2270732300CE,CE,32300.0,2022-07-07,25,BANKNIFTY,1.25,1986.526,1885.0,0.0,True,False,False,True,False,False,False,False,False,0.0,1875.0,2022-07-05,2011,0,2212225,1150,1923.67,87.33,True,False,False,3770906.25,0.0
3746,2022-07-05 12:28:00+05:30,2011.15,2011.15,2011.15,2011.15,0,1875,99.03,,BANKNIFTY2270732300CE,CE,32300.0,2022-07-07,25,BANKNIFTY,1.25,1987.1740000000002,1883.75,0.0,True,False,False,True,False,False,False,False,False,0.0,1875.0,2022-07-05,2011,0,2212225,1150,1923.67,87.33,True,False,False,3770906.25,0.0
3747,2022-07-05 12:29:00+05:30,2011.15,2011.15,2011.15,2011.15,0,1875,99.03,,BANKNIFTY2270732300CE,CE,32300.0,2022-07-07,25,BANKNIFTY,1.25,1987.8220000000001,1882.5,0.0,True,False,False,True,False,False,False,False,False,0.0,1875.0,2022-07-05,2011,0,2212225,1150,1923.67,87.33,True,False,False,3770906.25,0.0
3748,2022-07-05 12:30:00+05:30,2011.15,2011.15,2011.15,2011.15,0,1875,99.03,,BANKNIFTY2270732300CE,CE,32300.0,2022-07-07,25,BANKNIFTY,1.25,1988.4700000000003,1881.25,0.0,True,False,False,True,False,False,False,False,False,0.0,1875.0,2022-07-05,2011,0,2212225,1150,1923.67,87.33,True,False,False,3770906.25,0.0
3749,2022-07-05 12:31:00+05:30,2011.15,2011.15,2011.15,2011.15,0,1875,99.03,,BANKNIFTY2270732300CE,CE,32300.0,2022-07-07,25,BANKNIFTY,1.25,1989.1180000000002,1880.0,0.0,True,False,False,True,False,False,False,False,False,0.0,1875.0,2022-07-05,2011,0,2212225,1150,1923.67,87.33,True,False,False,3770906.25,0.0
3750,2022-07-05 12:32:00+05:30,2011.15,2011.15,2011.15,2011.15,0,1875,99.03,,BANKNIFTY2270732300CE,CE,32300.0,2022-07-07,25,BANKNIFTY,1.25,1989.766,1878.75,0.0,True,False,False,True,False,False,False,False,False,0.0,1875.0,2022-07-05,2011,0,2212225,1150,1923.67,87.33,True,False,False,3770906.25,0.0
3751,2022-07-05 12:33:00+05:30,2011.15,2011.15,2011.15,2011.15,0,1875,99.03,,BANKNIFTY2270732300CE,CE,32300.0,2022-07-07,25,BANKNIFTY,1.25,1990.4140000000002,1877.5,0.0,True,False,False,True,False,False,False,False,False,0.0,1875.0,2022-07-05,2011,0,2212225,1150,1923.67,87.33,True,False,False,3770906.25,0.0
3752,2022-07-05 12:34:00+05:30,2011.15,2011.15,2011.15,2011.15,0,1875,99.03,,BANKNIFTY2270732300CE,CE,32300.0,2022-07-07,25,BANKNIFTY,1.25,1991.0620000000001,1876.25,0.0,True,False,False,True,False,False,False,False,False,0.0,1875.0,2022-07-05,2011,0,2212225,1150,1923.67,87.33,True,False,False,3770906.25,0.0
3753,2022-07-05 12:35:00+05:30,2011.15,2011.15,2011.15,2011.15,0,1875,99.03,,BANKNIFTY2270732300CE,CE,32300.0,2022-07-07,25,BANKNIFTY,1.25,1991.7100000000003,1875.0,0.0,False,False,False,True,False,False,False,False,False,0.0,1875.0,2022-07-05,2011,0,2212225,1150,1923.67,87.33,True,False,False,3770906.25,0.0
3754,2022-07-05 12:36:00+05:30,2011.15,2011.15,2011.15,2011.15,0,1875,99.03,,BANKNIFTY2270732300CE,CE,32300.0,2022-07-07,25,BANKNIFTY,0.0,1992.3580000000002,1875.0,,False,False,False,True,False,False,False,False,False,0.0,1875.0,2022-07-05,2011,0,2212225,1150,1923.67,87.33,True,False,False,3770906.25,0.0
3755,2022-07-05 12:37:00+05:30,1974.0,2011.15,1974.0,1974.0,25,1850,15.67,-100.0,BANKNIFTY2270732300CE,CE,32300.0,2022-07-07,25,BANKNIFTY,1.25,1992.2630000000001,1873.75,20.0,True,True,True,False,False,True,False,False,False,-25.0,1850.0,2022-07-05,1986,49650,2261875,1175,1925.0,61.0,True,False,False,3686263.75,25.0
3756,2022-07-05 12:38:00+05:30,1974.0,1974.0,1974.0,1974.0,0,1850,15.67,-100.0,BANKNIFTY2270732300CE,CE,32300.0,2022-07-07,25,BANKNIFTY,1.25,1992.1680000000001,1872.5,0.0,True,False,False,False,False,True,False,False,False,0.0,1850.0,2022-07-05,1974,0,2261875,1175,1925.0,49.0,True,False,False,3651900.0,0.0
3757,2022-07-05 12:39:00+05:30,1974.0,1974.0,1974.0,1974.0,0,1850,15.67,-100.0,BANKNIFTY2270732300CE,CE,32300.0,2022-07-07,25,BANKNIFTY,1.25,1992.073,1871.25,0.0,True,False,False,False,False,True,False,False,False,0.0,1850.0,2022-07-05,1974,0,2261875,1175,1925.0,49.0,True,False,False,3651900.0,0.0
3758,2022-07-05 12:40:00+05:30,1974.0,1974.0,1973.1,1973.1,25,1850,15.28,-100.0,BANKNIFTY2270732300CE,CE,32300.0,2022-07-07,25,BANKNIFTY,2.5,1991.9600000000003,1870.0,10.0,True,False,True,False,False,True,False,False,False,0.0,1850.0,2022-07-05,1973,49325,2311200,1200,1926.0,47.0,True,False,False,3651067.5,0.0
3759,2022-07-05 12:41:00+05:30,1973.1,1973.1,1973.1,1973.1,0,1850,15.28,-100.0,BANKNIFTY2270732300CE,CE,32300.0,2022-07-07,25,BANKNIFTY,2.5,1991.8470000000002,1868.75,0.0,True,False,False,False,False,True,False,False,False,0.0,1850.0,2022-07-05,1973,0,2311200,1200,1926.0,47.0,True,False,False,3650235.0,0.0
3760,2022-07-05 12:42:00+05:30,1973.1,1973.1,1973.1,1973.1,0,1850,15.28,-100.0,BANKNIFTY2270732300CE,CE,32300.0,2022-07-07,25,BANKNIFTY,2.5,1991.7340000000002,1867.5,0.0,True,False,False,False,False,True,False,False,False,0.0,1850.0,2022-07-05,1973,0,2311200,1200,1926.0,47.0,True,False,False,3650235.0,0.0
3761,2022-07-05 12:43:00+05:30,1973.1,1973.1,1973.1,1973.1,0,1850,15.28,-100.0,BANKNIFTY2270732300CE,CE,32300.0,2022-07-07,25,BANKNIFTY,2.5,1991.621,1866.25,0.0,True,False,False,False,False,True,False,False,False,0.0,1850.0,2022-07-05,1973,0,2311200,1200,1926.0,47.0,True,False,False,3650235.0,0.0
3762,2022-07-05 12:44:00+05:30,1973.1,1973.1,1973.1,1973.1,0,1850,15.28,-100.0,BANKNIFTY2270732300CE,CE,32300.0,2022-07-07,25,BANKNIFTY,2.5,1991.5080000000003,1865.0,0.0,True,False,False,False,False,True,False,False,False,0.0,1850.0,2022-07-05,1973,0,2311200,1200,1926.0,47.0,True,False,False,3650235.0,0.0
3763,2022-07-05 12:45:00+05:30,1973.1,1973.1,1973.1,1973.1,0,1850,15.28,-100.0,BANKNIFTY2270732300CE,CE,32300.0,2022-07-07,25,BANKNIFTY,2.5,1991.3950000000002,1863.75,0.0,True,False,False,False,False,True,False,False,False,0.0,1850.0,2022-07-05,1973,0,2311200,1200,1926.0,47.0,True,False,False,3650235.0,0.0
3764,2022-07-05 12:46:00+05:30,1973.1,1973.1,1973.1,1973.1,0,1850,15.28,-100.0,BANKNIFTY2270732300CE,CE,32300.0,2022-07-07,25,BANKNIFTY,2.5,1991.2820000000002,1862.5,0.0,True,False,False,False,False,True,False,False,False,0.0,1850.0,2022-07-05,1973,0,2311200,1200,1926.0,47.0,True,False,False,3650235.0,0.0
3765,2022-07-05 12:47:00+05:30,1973.1,1973.1,1973.1,1973.1,0,1850,15.28,-100.0,BANKNIFTY2270732300CE,CE,32300.0,2022-07-07,25,BANKNIFTY,2.5,1991.1690000000003,1861.25,0.0,True,False,False,False,False,True,False,False,False,0.0,1850.0,2022-07-05,1973,0,2311200,1200,1926.0,47.0,True,False,False,3650235.0,0.0
3766,2022-07-05 12:48:00+05:30,1973.1,1973.1,1973.1,1973.1,0,1850,15.28,,BANKNIFTY2270732300CE,CE,32300.0,2022-07-07,25,BANKNIFTY,2.5,1991.056,1860.0,0.0,True,False,False,False,False,True,False,False,False,0.0,1850.0,2022-07-05,1973,0,2311200,1200,1926.0,47.0,True,False,False,3650235.0,0.0
3767,2022-07-05 12:49:00+05:30,1973.1,1973.1,1973.1,1973.1,0,1850,15.28,,BANKNIFTY2270732300CE,CE,32300.0,2022-07-07,25,BANKNIFTY,2.5,1990.9430000000002,1858.75,0.0,True,False,False,False,False,True,False,False,False,0.0,1850.0,2022-07-05,1973,0,2311200,1200,1926.0,47.0,True,False,False,3650235.0,0.0
3768,2022-07-05 12:50:00+05:30,1973.1,1973.1,1973.1,1973.1,0,1850,15.28,,BANKNIFTY2270732300CE,CE,32300.0,2022-07-07,25,BANKNIFTY,2.5,1990.8300000000004,1857.5,0.0,True,False,False,False,False,True,False,False,False,0.0,1850.0,2022-07-05,1973,0,2311200,1200,1926.0,47.0,True,False,False,3650235.0,0.0
3769,2022-07-05 12:51:00+05:30,1973.1,1973.1,1973.1,1973.1,0,1850,15.28,,BANKNIFTY2270732300CE,CE,32300.0,2022-07-07,25,BANKNIFTY,2.5,1990.717,1856.25,0.0,True,False,False,False,False,True,False,False,False,0.0,1850.0,2022-07-05,1973,0,2311200,1200,1926.0,47.0,True,False,False,3650235.0,0.0
3770,2022-07-05 12:52:00+05:30,1973.1,1973.1,1973.1,1973.1,0,1850,15.28,,BANKNIFTY2270732300CE,CE,32300.0,2022-07-07,25,BANKNIFTY,2.5,1990.6040000000003,1855.0,0.0,True,False,False,False,False,True,False,False,False,0.0,1850.0,2022-07-05,1973,0,2311200,1200,1926.0,47.0,True,False,False,3650235.0,0.0
3771,2022-07-05 12:53:00+05:30,1973.1,1973.1,1973.1,1973.1,0,1850,15.28,,BANKNIFTY2270732300CE,CE,32300.0,2022-07-07,25,BANKNIFTY,2.5,1990.491,1853.75,0.0,True,False,False,False,False,True,False,False,False,0.0,1850.0,2022-07-05,1973,0,2311200,1200,1926.0,47.0,True,False,False,3650235.0,0.0
3772,2022-07-05 12:54:00+05:30,1973.1,1973.1,1973.1,1973.1,0,1850,15.28,,BANKNIFTY2270732300CE,CE,32300.0,2022-07-07,25,BANKNIFTY,2.5,1990.3780000000002,1852.5,0.0,True,False,False,False,False,True,False,False,False,0.0,1850.0,2022-07-05,1973,0,2311200,1200,1926.0,47.0,True,False,False,3650235.0,0.0
3773,2022-07-05 12:55:00+05:30,1973.1,1973.1,1973.1,1973.1,0,1850,15.28,,BANKNIFTY2270732300CE,CE,32300.0,2022-07-07,25,BANKNIFTY,2.5,1990.2650000000003,1851.25,0.0,True,False,False,False,False,True,False,False,False,0.0,1850.0,2022-07-05,1973,0,2311200,1200,1926.0,47.0,True,False,False,3650235.0,0.0
3774,2022-07-05 12:56:00+05:30,1973.1,1973.1,1973.1,1973.1,0,1850,15.28,,BANKNIFTY2270732300CE,CE,32300.0,2022-07-07,25,BANKNIFTY,2.5,1990.152,1850.0,0.0,False,False,False,False,False,True,False,False,False,0.0,1850.0,2022-07-05,1973,0,2311200,1200,1926.0,47.0,True,False,False,3650235.0,0.0
3775,2022-07-05 12:57:00+05:30,1973.1,1973.1,1973.1,1973.1,0,1850,15.28,,BANKNIFTY2270732300CE,CE,32300.0,2022-07-07,25,BANKNIFTY,1.25,1990.0390000000002,1850.0,0.0,False,False,False,False,False,True,False,False,False,0.0,1850.0,2022-07-05,1973,0,2311200,1200,1926.0,47.0,True,False,False,3650235.0,0.0
3776,2022-07-05 12:58:00+05:30,1973.1,1973.1,1973.1,1973.1,0,1850,15.28,,BANKNIFTY2270732300CE,CE,32300.0,2022-07-07,25,BANKNIFTY,1.25,1989.9260000000002,1850.0,0.0,False,False,False,False,False,True,False,False,False,0.0,1850.0,2022-07-05,1973,0,2311200,1200,1926.0,47.0,True,False,False,3650235.0,0.0
3777,2022-07-05 12:59:00+05:30,1973.1,1973.1,1973.1,1973.1,0,1850,15.28,,BANKNIFTY2270732300CE,CE,32300.0,2022-07-07,25,BANKNIFTY,1.25,1989.813,1850.0,0.0,False,False,False,False,False,True,False,False,False,0.0,1850.0,2022-07-05,1973,0,2311200,1200,1926.0,47.0,True,False,False,3650235.0,0.0
3778,2022-07-05 13:00:00+05:30,1973.1,1973.1,1973.1,1973.1,0,1850,15.28,,BANKNIFTY2270732300CE,CE,32300.0,2022-07-07,25,BANKNIFTY,0.0,1989.7,1850.0,,False,False,False,False,False,True,False,False,False,0.0,1850.0,2022-07-05,1973,0,2311200,1200,1926.0,47.0,True,False,False,3650235.0,0.0
3779,2022-07-05 13:01:00+05:30,1973.1,1973.1,1973.1,1973.1,0,1850,15.28,,BANKNIFTY2270732300CE,CE,32300.0,2022-07-07,25,BANKNIFTY,0.0,1989.5870000000002,1850.0,,False,False,False,False,False,True,False,False,False,0.0,1850.0,2022-07-05,1973,0,2311200,1200,1926.0,47.0,True,False,False,3650235.0,0.0
3780,2022-07-05 13:02:00+05:30,1973.1,1973.1,1973.1,1973.1,0,1850,15.28,,BANKNIFTY2270732300CE,CE,32300.0,2022-07-07,25,BANKNIFTY,0.0,1989.4740000000002,1850.0,,False,False,False,False,False,True,False,False,False,0.0,1850.0,2022-07-05,1973,0,2311200,1200,1926.0,47.0,True,False,False,3650235.0,0.0
3781,2022-07-05 13:03:00+05:30,1973.1,1973.1,1973.1,1973.1,0,1850,15.28,,BANKNIFTY2270732300CE,CE,32300.0,2022-07-07,25,BANKNIFTY,0.0,1989.361,1850.0,,False,False,False,False,False,True,False,False,False,0.0,1850.0,2022-07-05,1973,0,2311200,1200,1926.0,47.0,True,False,False,3650235.0,0.0
3782,2022-07-05 13:04:00+05:30,1973.1,1973.1,1973.1,1973.1,0,1850,15.28,,BANKNIFTY2270732300CE,CE,32300.0,2022-07-07,25,BANKNIFTY,0.0,1989.2480000000003,1850.0,,False,False,False,False,False,True,False,False,False,0.0,1850.0,2022-07-05,1973,0,2311200,1200,1926.0,47.0,True,False,False,3650235.0,0.0
3783,2022-07-05 13:05:00+05:30,1973.1,1973.1,1973.1,1973.1,0,1850,15.28,,BANKNIFTY2270732300CE,CE,32300.0,2022-07-07,25,BANKNIFTY,0.0,1989.135,1850.0,,False,False,False,False,False,True,False,False,False,0.0,1850.0,2022-07-05,1973,0,2311200,1200,1926.0,47.0,True,False,False,3650235.0,0.0
3784,2022-07-05 13:06:00+05:30,1973.1,1973.1,1973.1,1973.1,0,1850,15.28,,BANKNIFTY2270732300CE,CE,32300.0,2022-07-07,25,BANKNIFTY,0.0,1988.374,1850.0,,False,False,False,False,False,True,False,False,False,0.0,1850.0,2022-07-05,1973,0,2311200,1200,1926.0,47.0,True,False,False,3650235.0,0.0
3785,2022-07-05 13:07:00+05:30,1973.1,1973.1,1973.1,1973.1,0,1850,15.28,,BANKNIFTY2270732300CE,CE,32300.0,2022-07-07,25,BANKNIFTY,0.0,1987.6130000000003,1850.0,,False,False,False,False,False,True,False,False,False,0.0,1850.0,2022-07-05,1973,0,2311200,1200,1926.0,47.0,True,False,False,3650235.0,0.0
3786,2022-07-05 13:08:00+05:30,1973.1,1973.1,1973.1,1973.1,0,1850,15.28,,BANKNIFTY2270732300CE,CE,32300.0,2022-07-07,25,BANKNIFTY,0.0,1986.8519999999999,1850.0,,False,False,False,False,False,True,False,False,False,0.0,1850.0,2022-07-05,1973,0,2311200,1200,1926.0,47.0,True,False,False,3650235.0,0.0
3787,2022-07-05 13:09:00+05:30,1973.1,1973.1,1973.1,1973.1,0,1850,15.28,,BANKNIFTY2270732300CE,CE,32300.0,2022-07-07,25,BANKNIFTY,0.0,1986.0910000000001,1850.0,,False,False,False,False,False,True,False,False,False,0.0,1850.0,2022-07-05,1973,0,2311200,1200,1926.0,47.0,True,False,False,3650235.0,0.0
3788,2022-07-05 13:10:00+05:30,1973.1,1973.1,1973.1,1973.1,0,1850,15.28,,BANKNIFTY2270732300CE,CE,32300.0,2022-07-07,25,BANKNIFTY,0.0,1985.3299999999997,1850.0,,False,False,False,False,False,True,False,False,False,0.0,1850.0,2022-07-05,1973,0,2311200,1200,1926.0,47.0,True,False,False,3650235.0,0.0
3789,2022-07-05 13:11:00+05:30,1973.1,1973.1,1973.1,1973.1,0,1850,15.28,,BANKNIFTY2270732300CE,CE,32300.0,2022-07-07,25,BANKNIFTY,0.0,1984.569,1850.0,,False,False,False,False,False,True,False,False,False,0.0,1850.0,2022-07-05,1973,0,2311200,1200,1926.0,47.0,True,False,False,3650235.0,0.0
3790,2022-07-05 13:12:00+05:30,1973.1,1973.1,1973.1,1973.1,0,1850,15.28,,BANKNIFTY2270732300CE,CE,32300.0,2022-07-07,25,BANKNIFTY,0.0,1983.8080000000002,1850.0,,False,False,False,False,False,True,False,False,False,0.0,1850.0,2022-07-05,1973,0,2311200,1200,1926.0,47.0,True,False,False,3650235.0,0.0
3791,2022-07-05 13:13:00+05:30,1973.1,1973.1,1973.1,1973.1,0,1850,15.28,,BANKNIFTY2270732300CE,CE,32300.0,2022-07-07,25,BANKNIFTY,0.0,1983.0469999999998,1850.0,,False,False,False,False,False,True,False,False,False,0.0,1850.0,2022-07-05,1973,0,2311200,1200,1926.0,47.0,True,False,False,3650235.0,0.0
3792,2022-07-05 13:14:00+05:30,1973.1,1973.1,1973.1,1973.1,0,1850,15.28,,BANKNIFTY2270732300CE,CE,32300.0,2022-07-07,25,BANKNIFTY,0.0,1982.286,1850.0,,False,False,False,False,False,True,False,False,False,0.0,1850.0,2022-07-05,1973,0,2311200,1200,1926.0,47.0,True,False,False,3650235.0,0.0
3793,2022-07-05 13:15:00+05:30,1973.1,1973.1,1973.1,1973.1,0,1850,15.28,,BANKNIFTY2270732300CE,CE,32300.0,2022-07-07,25,BANKNIFTY,0.0,1981.5249999999996,1850.0,,False,False,False,False,False,True,False,False,False,0.0,1850.0,2022-07-05,1973,0,2311200,1200,1926.0,47.0,True,False,False,3650235.0,0.0
3794,2022-07-05 13:16:00+05:30,1973.1,1973.1,1973.1,1973.1,0,1850,15.28,,BANKNIFTY2270732300CE,CE,32300.0,2022-07-07,25,BANKNIFTY,0.0,1980.764,1850.0,,False,False,False,False,False,True,False,False,False,0.0,1850.0,2022-07-05,1973,0,2311200,1200,1926.0,47.0,True,False,False,3650235.0,0.0
3795,2022-07-05 13:17:00+05:30,1973.1,1973.1,1973.1,1973.1,0,1850,15.28,,BANKNIFTY2270732300CE,CE,32300.0,2022-07-07,25,BANKNIFTY,0.0,1980.0030000000002,1850.0,,False,False,False,False,False,True,False,False,False,0.0,1850.0,2022-07-05,1973,0,2311200,1200,1926.0,47.0,True,False,False,3650235.0,0.0
3796,2022-07-05 13:18:00+05:30,1973.1,1973.1,1973.1,1973.1,0,1850,15.28,,BANKNIFTY2270732300CE,CE,32300.0,2022-07-07,25,BANKNIFTY,0.0,1979.2419999999997,1850.0,,False,False,False,False,False,True,False,False,False,0.0,1850.0,2022-07-05,1973,0,2311200,1200,1926.0,47.0,True,False,False,3650235.0,0.0
3797,2022-07-05 13:19:00+05:30,1973.1,1973.1,1973.1,1973.1,0,1850,15.28,,BANKNIFTY2270732300CE,CE,32300.0,2022-07-07,25,BANKNIFTY,0.0,1978.481,1850.0,,False,False,False,False,False,True,False,False,False,0.0,1850.0,2022-07-05,1973,0,2311200,1200,1926.0,47.0,True,False,False,3650235.0,0.0
3798,2022-07-05 13:20:00+05:30,1973.1,1973.4,1973.1,1973.4,25,1850,26.99,100.0,BANKNIFTY2270732300CE,CE,32300.0,2022-07-07,25,BANKNIFTY,1.25,1977.7259999999997,1850.0,20.0,False,False,True,False,False,True,True,True,True,0.0,1850.0,2022-07-05,1973,49325,2360525,1225,1926.96,46.04,True,False,False,3650512.5,0.0
3799,2022-07-05 13:21:00+05:30,1973.4,1973.4,1969.4,1969.4,25,1875,9.04,-86.04651162789911,BANKNIFTY2270732300CE,CE,32300.0,2022-07-07,25,BANKNIFTY,2.5,1976.891,1851.25,10.0,False,False,True,False,False,True,False,False,False,25.0,1875.0,2022-07-05,1970,49250,2409775,1250,1927.82,42.18,True,False,False,3696375.0,25.0
3800,2022-07-05 13:22:00+05:30,1969.4,1969.4,1969.4,1969.4,0,1875,9.04,-86.04651162789911,BANKNIFTY2270732300CE,CE,32300.0,2022-07-07,25,BANKNIFTY,2.5,1976.056,1852.5,0.0,False,False,False,False,False,True,False,False,False,0.0,1875.0,2022-07-05,1969,0,2409775,1250,1927.82,41.18,True,False,False,3692625.0,0.0
3801,2022-07-05 13:23:00+05:30,1969.4,1969.4,1969.4,1969.4,0,1875,9.04,-86.04651162789911,BANKNIFTY2270732300CE,CE,32300.0,2022-07-07,25,BANKNIFTY,2.5,1975.2209999999998,1853.75,0.0,False,False,False,False,False,True,False,False,False,0.0,1875.0,2022-07-05,1969,0,2409775,1250,1927.82,41.18,True,False,False,3692625.0,0.0
3802,2022-07-05 13:24:00+05:30,1969.4,1969.4,1969.4,1969.4,0,1875,9.04,-86.04651162789911,BANKNIFTY2270732300CE,CE,32300.0,2022-07-07,25,BANKNIFTY,2.5,1974.386,1855.0,0.0,False,False,False,False,False,True,False,False,False,0.0,1875.0,2022-07-05,1969,0,2409775,1250,1927.82,41.18,True,False,False,3692625.0,0.0
3803,2022-07-05 13:25:00+05:30,1969.4,1969.4,1969.4,1969.4,0,1875,9.04,-86.04651162789911,BANKNIFTY2270732300CE,CE,32300.0,2022-07-07,25,BANKNIFTY,2.5,1973.5509999999997,1856.25,0.0,False,False,False,False,False,True,False,False,False,0.0,1875.0,2022-07-05,1969,0,2409775,1250,1927.82,41.18,True,False,False,3692625.0,0.0
3804,2022-07-05 13:26:00+05:30,1969.4,1969.4,1969.4,1969.4,0,1875,9.04,-86.04651162789911,BANKNIFTY2270732300CE,CE,32300.0,2022-07-07,25,BANKNIFTY,2.5,1972.7160000000001,1857.5,0.0,False,False,False,False,False,True,False,False,False,0.0,1875.0,2022-07-05,1969,0,2409775,1250,1927.82,41.18,True,False,False,3692625.0,0.0
3805,2022-07-05 13:27:00+05:30,1969.4,1969.4,1969.4,1969.4,0,1875,9.04,-86.04651162789911,BANKNIFTY2270732300CE,CE,32300.0,2022-07-07,25,BANKNIFTY,2.5,1972.624,1858.75,0.0,False,False,False,False,False,True,False,False,False,0.0,1875.0,2022-07-05,1969,0,2409775,1250,1927.82,41.18,True,False,False,3692625.0,0.0
3806,2022-07-05 13:28:00+05:30,1969.4,1969.4,1969.4,1969.4,0,1875,9.04,-100.0,BANKNIFTY2270732300CE,CE,32300.0,2022-07-07,25,BANKNIFTY,2.5,1972.532,1860.0,0.0,False,False,False,False,False,True,False,False,False,0.0,1875.0,2022-07-05,1969,0,2409775,1250,1927.82,41.18,True,False,False,3692625.0,0.0
3807,2022-07-05 13:29:00+05:30,1969.4,1969.4,1969.4,1969.4,0,1875,9.04,,BANKNIFTY2270732300CE,CE,32300.0,2022-07-07,25,BANKNIFTY,2.5,1972.44,1861.25,0.0,False,False,False,False,False,True,False,False,False,0.0,1875.0,2022-07-05,1969,0,2409775,1250,1927.82,41.18,True,False,False,3692625.0,0.0
3808,2022-07-05 13:30:00+05:30,1969.4,1969.4,1969.4,1969.4,0,1875,9.04,,BANKNIFTY2270732300CE,CE,32300.0,2022-07-07,25,BANKNIFTY,2.5,1972.3659999999998,1862.5,0.0,False,False,False,False,False,True,False,False,False,0.0,1875.0,2022-07-05,1969,0,2409775,1250,1927.82,41.18,True,False,False,3692625.0,0.0
3809,2022-07-05 13:31:00+05:30,1969.4,1969.4,1969.4,1969.4,0,1875,9.04,,BANKNIFTY2270732300CE,CE,32300.0,2022-07-07,25,BANKNIFTY,2.5,1972.2920000000001,1863.75,0.0,False,False,False,False,False,True,False,False,False,0.0,1875.0,2022-07-05,1969,0,2409775,1250,1927.82,41.18,True,False,False,3692625.0,0.0
3810,2022-07-05 13:32:00+05:30,1969.4,1969.4,1969.4,1969.4,0,1875,9.04,,BANKNIFTY2270732300CE,CE,32300.0,2022-07-07,25,BANKNIFTY,2.5,1972.2179999999998,1865.0,0.0,False,False,False,False,False,True,False,False,False,0.0,1875.0,2022-07-05,1969,0,2409775,1250,1927.82,41.18,True,False,False,3692625.0,0.0
3811,2022-07-05 13:33:00+05:30,1969.4,1969.4,1969.4,1969.4,0,1875,9.04,,BANKNIFTY2270732300CE,CE,32300.0,2022-07-07,25,BANKNIFTY,2.5,1972.144,1866.25,0.0,False,False,False,False,False,True,False,False,False,0.0,1875.0,2022-07-05,1969,0,2409775,1250,1927.82,41.18,True,False,False,3692625.0,0.0
3812,2022-07-05 13:34:00+05:30,1969.4,1969.4,1969.4,1969.4,0,1875,9.04,,BANKNIFTY2270732300CE,CE,32300.0,2022-07-07,25,BANKNIFTY,2.5,1972.07,1867.5,0.0,False,False,False,False,False,True,False,False,False,0.0,1875.0,2022-07-05,1969,0,2409775,1250,1927.82,41.18,True,False,False,3692625.0,0.0
3813,2022-07-05 13:35:00+05:30,1969.4,1969.4,1969.4,1969.4,0,1875,9.04,,BANKNIFTY2270732300CE,CE,32300.0,2022-07-07,25,BANKNIFTY,2.5,1971.9959999999999,1868.75,0.0,False,False,False,False,False,True,False,False,False,0.0,1875.0,2022-07-05,1969,0,2409775,1250,1927.82,41.18,True,False,False,3692625.0,0.0
3814,2022-07-05 13:36:00+05:30,1969.4,1969.4,1969.4,1969.4,0,1875,9.04,,BANKNIFTY2270732300CE,CE,32300.0,2022-07-07,25,BANKNIFTY,2.5,1971.922,1870.0,0.0,False,False,False,False,False,True,False,False,False,0.0,1875.0,2022-07-05,1969,0,2409775,1250,1927.82,41.18,True,False,False,3692625.0,0.0
3815,2022-07-05 13:37:00+05:30,1969.4,1969.4,1969.4,1969.4,0,1875,9.04,,BANKNIFTY2270732300CE,CE,32300.0,2022-07-07,25,BANKNIFTY,2.5,1971.848,1871.25,0.0,False,False,False,False,False,True,False,False,False,0.0,1875.0,2022-07-05,1969,0,2409775,1250,1927.82,41.18,True,False,False,3692625.0,0.0
3816,2022-07-05 13:38:00+05:30,1969.4,1969.4,1969.4,1969.4,0,1875,9.04,,BANKNIFTY2270732300CE,CE,32300.0,2022-07-07,25,BANKNIFTY,2.5,1971.774,1872.5,0.0,False,False,False,False,False,True,False,False,False,0.0,1875.0,2022-07-05,1969,0,2409775,1250,1927.82,41.18,True,False,False,3692625.0,0.0
3817,2022-07-05 13:39:00+05:30,1969.4,1969.4,1969.4,1969.4,0,1875,9.04,,BANKNIFTY2270732300CE,CE,32300.0,2022-07-07,25,BANKNIFTY,2.5,1971.7,1873.75,0.0,False,False,False,False,False,True,False,False,False,0.0,1875.0,2022-07-05,1969,0,2409775,1250,1927.82,41.18,True,False,False,3692625.0,0.0
3818,2022-07-05 13:40:00+05:30,1969.4,1969.4,1969.4,1969.4,0,1875,9.04,,BANKNIFTY2270732300CE,CE,32300.0,2022-07-07,25,BANKNIFTY,1.25,1971.6259999999997,1875.0,0.0,False,False,False,False,False,True,False,False,False,0.0,1875.0,2022-07-05,1969,0,2409775,1250,1927.82,41.18,True,False,False,3692625.0,0.0
3819,2022-07-05 13:41:00+05:30,1969.4,1969.4,1969.4,1969.4,0,1875,9.04,,BANKNIFTY2270732300CE,CE,32300.0,2022-07-07,25,BANKNIFTY,0.0,1971.5520000000001,1875.0,,False,False,False,False,False,True,False,False,False,0.0,1875.0,2022-07-05,1969,0,2409775,1250,1927.82,41.18,True,False,False,3692625.0,0.0
3820,2022-07-05 13:42:00+05:30,1969.4,1969.4,1969.4,1969.4,0,1875,9.04,,BANKNIFTY2270732300CE,CE,32300.0,2022-07-07,25,BANKNIFTY,0.0,1971.4779999999998,1875.0,,False,False,False,False,False,True,False,False,False,0.0,1875.0,2022-07-05,1969,0,2409775,1250,1927.82,41.18,True,False,False,3692625.0,0.0
3821,2022-07-05 13:43:00+05:30,1969.4,1969.4,1889.95,1889.95,25,1850,0.13,-100.0,BANKNIFTY2270732300CE,CE,32300.0,2022-07-07,25,BANKNIFTY,1.25,1969.815,1873.75,20.0,True,True,True,False,False,True,False,False,False,-25.0,1850.0,2022-07-05,1916,47900,2457675,1275,1927.59,-11.59,False,False,False,3569898.7500000005,25.0
3822,2022-07-05 13:44:00+05:30,1889.95,1889.95,1889.95,1889.95,0,1850,0.13,-100.0,BANKNIFTY2270732300CE,CE,32300.0,2022-07-07,25,BANKNIFTY,1.25,1968.152,1872.5,0.0,True,False,False,False,False,True,False,False,False,0.0,1850.0,2022-07-05,1889,0,2457675,1275,1927.59,-38.59,False,False,False,3496407.5,0.0
3823,2022-07-05 13:45:00+05:30,1889.95,1889.95,1889.95,1889.95,0,1850,0.13,-100.0,BANKNIFTY2270732300CE,CE,32300.0,2022-07-07,25,BANKNIFTY,1.25,1966.489,1871.25,0.0,True,False,False,False,False,True,False,False,False,0.0,1850.0,2022-07-05,1889,0,2457675,1275,1927.59,-38.59,False,False,False,3496407.5,0.0
3824,2022-07-05 13:46:00+05:30,1889.95,1889.95,1889.95,1889.95,0,1850,0.13,-100.0,BANKNIFTY2270732300CE,CE,32300.0,2022-07-07,25,BANKNIFTY,1.25,1964.826,1870.0,0.0,True,False,False,False,False,True,False,False,False,0.0,1850.0,2022-07-05,1889,0,2457675,1275,1927.59,-38.59,False,False,False,3496407.5,0.0
3825,2022-07-05 13:47:00+05:30,1889.95,1889.95,1889.95,1889.95,0,1850,0.13,-100.0,BANKNIFTY2270732300CE,CE,32300.0,2022-07-07,25,BANKNIFTY,1.25,1963.1629999999998,1868.75,0.0,True,False,False,False,False,True,False,False,False,0.0,1850.0,2022-07-05,1889,0,2457675,1275,1927.59,-38.59,False,False,False,3496407.5,0.0
3826,2022-07-05 13:48:00+05:30,1889.95,1889.95,1889.95,1889.95,0,1850,0.13,-100.0,BANKNIFTY2270732300CE,CE,32300.0,2022-07-07,25,BANKNIFTY,1.25,1961.5,1867.5,0.0,True,False,False,False,False,True,False,False,False,0.0,1850.0,2022-07-05,1889,0,2457675,1275,1927.59,-38.59,False,False,False,3496407.5,0.0
3827,2022-07-05 13:49:00+05:30,1889.95,1889.95,1889.95,1889.95,0,1850,0.13,-100.0,BANKNIFTY2270732300CE,CE,32300.0,2022-07-07,25,BANKNIFTY,1.25,1959.8370000000002,1866.25,0.0,True,False,False,False,False,True,False,False,False,0.0,1850.0,2022-07-05,1889,0,2457675,1275,1927.59,-38.59,False,False,False,3496407.5,0.0
3828,2022-07-05 13:50:00+05:30,1889.95,1889.95,1889.95,1889.95,0,1850,0.13,-100.0,BANKNIFTY2270732300CE,CE,32300.0,2022-07-07,25,BANKNIFTY,1.25,1958.1740000000002,1865.0,0.0,True,False,False,False,False,True,False,False,False,0.0,1850.0,2022-07-05,1889,0,2457675,1275,1927.59,-38.59,False,False,False,3496407.5,0.0
3829,2022-07-05 13:51:00+05:30,1889.95,1889.95,1889.95,1889.95,0,1850,0.13,,BANKNIFTY2270732300CE,CE,32300.0,2022-07-07,25,BANKNIFTY,1.25,1956.511,1863.75,0.0,True,False,False,False,False,True,False,False,False,0.0,1850.0,2022-07-05,1889,0,2457675,1275,1927.59,-38.59,False,False,False,3496407.5,0.0
3830,2022-07-05 13:52:00+05:30,1889.95,1889.95,1889.95,1889.95,0,1850,0.13,,BANKNIFTY2270732300CE,CE,32300.0,2022-07-07,25,BANKNIFTY,1.25,1954.848,1862.5,0.0,True,False,False,False,False,True,False,False,False,0.0,1850.0,2022-07-05,1889,0,2457675,1275,1927.59,-38.59,False,False,False,3496407.5,0.0
3831,2022-07-05 13:53:00+05:30,1889.95,1889.95,1889.95,1889.95,0,1850,0.13,,BANKNIFTY2270732300CE,CE,32300.0,2022-07-07,25,BANKNIFTY,1.25,1953.185,1861.25,0.0,True,False,False,False,False,True,False,False,False,0.0,1850.0,2022-07-05,1889,0,2457675,1275,1927.59,-38.59,False,False,False,3496407.5,0.0
3832,2022-07-05 13:54:00+05:30,1889.95,1889.95,1889.95,1889.95,0,1850,0.13,,BANKNIFTY2270732300CE,CE,32300.0,2022-07-07,25,BANKNIFTY,1.25,1951.5220000000002,1860.0,0.0,True,False,False,False,False,True,False,False,False,0.0,1850.0,2022-07-05,1889,0,2457675,1275,1927.59,-38.59,False,False,False,3496407.5,0.0
3833,2022-07-05 13:55:00+05:30,1889.95,1889.95,1889.95,1889.95,0,1850,0.13,,BANKNIFTY2270732300CE,CE,32300.0,2022-07-07,25,BANKNIFTY,1.25,1949.8590000000002,1858.75,0.0,True,False,False,False,False,True,False,False,False,0.0,1850.0,2022-07-05,1889,0,2457675,1275,1927.59,-38.59,False,False,False,3496407.5,0.0
3834,2022-07-05 13:56:00+05:30,1889.95,1889.95,1889.95,1889.95,0,1850,0.13,,BANKNIFTY2270732300CE,CE,32300.0,2022-07-07,25,BANKNIFTY,1.25,1948.1960000000001,1857.5,0.0,True,False,False,False,False,True,False,False,False,0.0,1850.0,2022-07-05,1889,0,2457675,1275,1927.59,-38.59,False,False,False,3496407.5,0.0
3835,2022-07-05 13:57:00+05:30,1889.95,1889.95,1889.95,1889.95,0,1850,0.13,,BANKNIFTY2270732300CE,CE,32300.0,2022-07-07,25,BANKNIFTY,1.25,1946.533,1856.25,0.0,True,False,False,False,False,True,False,False,False,0.0,1850.0,2022-07-05,1889,0,2457675,1275,1927.59,-38.59,False,False,False,3496407.5,0.0
3836,2022-07-05 13:58:00+05:30,1889.95,1889.95,1889.95,1889.95,0,1850,0.13,,BANKNIFTY2270732300CE,CE,32300.0,2022-07-07,25,BANKNIFTY,1.25,1944.87,1855.0,0.0,True,False,False,False,False,True,False,False,False,0.0,1850.0,2022-07-05,1889,0,2457675,1275,1927.59,-38.59,False,False,False,3496407.5,0.0
3837,2022-07-05 13:59:00+05:30,1889.95,1889.95,1889.95,1889.95,0,1850,0.13,,BANKNIFTY2270732300CE,CE,32300.0,2022-07-07,25,BANKNIFTY,1.25,1943.207,1853.75,0.0,True,False,False,False,False,True,False,False,False,0.0,1850.0,2022-07-05,1889,0,2457675,1275,1927.59,-38.59,False,False,False,3496407.5,0.0
3838,2022-07-05 14:00:00+05:30,1889.95,1889.95,1889.95,1889.95,0,1850,0.13,,BANKNIFTY2270732300CE,CE,32300.0,2022-07-07,25,BANKNIFTY,1.25,1941.5440000000003,1852.5,0.0,True,False,False,False,False,True,False,False,False,0.0,1850.0,2022-07-05,1889,0,2457675,1275,1927.59,-38.59,False,False,False,3496407.5,0.0
3839,2022-07-05 14:01:00+05:30,1889.95,1889.95,1889.95,1889.95,0,1850,0.13,,BANKNIFTY2270732300CE,CE,32300.0,2022-07-07,25,BANKNIFTY,1.25,1939.881,1851.25,0.0,True,False,False,False,False,True,False,False,False,0.0,1850.0,2022-07-05,1889,0,2457675,1275,1927.59,-38.59,False,False,False,3496407.5,0.0
3840,2022-07-05 14:02:00+05:30,1889.95,1889.95,1889.95,1889.95,0,1850,0.13,,BANKNIFTY2270732300CE,CE,32300.0,2022-07-07,25,BANKNIFTY,1.25,1938.2179999999998,1850.0,0.0,False,False,False,False,False,True,False,False,False,0.0,1850.0,2022-07-05,1889,0,2457675,1275,1927.59,-38.59,False,False,False,3496407.5,0.0
3841,2022-07-05 14:03:00+05:30,1889.95,1889.95,1889.95,1889.95,0,1850,0.13,,BANKNIFTY2270732300CE,CE,32300.0,2022-07-07,25,BANKNIFTY,0.0,1936.555,1850.0,,False,False,False,False,False,True,False,False,False,0.0,1850.0,2022-07-05,1889,0,2457675,1275,1927.59,-38.59,False,False,False,3496407.5,0.0
3842,2022-07-05 14:04:00+05:30,1889.95,1889.95,1889.95,1889.95,0,1850,0.13,,BANKNIFTY2270732300CE,CE,32300.0,2022-07-07,25,BANKNIFTY,0.0,1934.892,1850.0,,False,False,False,False,False,True,False,False,False,0.0,1850.0,2022-07-05,1889,0,2457675,1275,1927.59,-38.59,False,False,False,3496407.5,0.0
3843,2022-07-05 14:05:00+05:30,1889.95,1889.95,1889.95,1889.95,0,1850,0.13,,BANKNIFTY2270732300CE,CE,32300.0,2022-07-07,25,BANKNIFTY,0.0,1933.2290000000003,1850.0,,False,False,False,False,False,True,False,False,False,0.0,1850.0,2022-07-05,1889,0,2457675,1275,1927.59,-38.59,False,False,False,3496407.5,0.0
3844,2022-07-05 14:06:00+05:30,1889.95,1889.95,1889.95,1889.95,0,1850,0.13,,BANKNIFTY2270732300CE,CE,32300.0,2022-07-07,25,BANKNIFTY,0.0,1931.566,1850.0,,False,False,False,False,False,True,False,False,False,0.0,1850.0,2022-07-05,1889,0,2457675,1275,1927.59,-38.59,False,False,False,3496407.5,0.0
3845,2022-07-05 14:07:00+05:30,1889.95,1889.95,1889.95,1889.95,0,1850,0.13,,BANKNIFTY2270732300CE,CE,32300.0,2022-07-07,25,BANKNIFTY,0.0,1929.9029999999998,1850.0,,False,False,False,False,False,True,False,False,False,0.0,1850.0,2022-07-05,1889,0,2457675,1275,1927.59,-38.59,False,False,False,3496407.5,0.0
3846,2022-07-05 14:08:00+05:30,1889.95,1889.95,1765.05,1765.05,25,1875,0.01,-100.0,BANKNIFTY2270732300CE,CE,32300.0,2022-07-07,25,BANKNIFTY,1.25,1925.7420000000002,1851.25,20.0,False,False,True,False,False,True,False,False,False,25.0,1875.0,2022-07-05,1806,45150,2502825,1300,1925.25,-119.25,False,False,False,3426562.5,25.0
3847,2022-07-05 14:09:00+05:30,1765.05,1765.05,1765.05,1765.05,0,1875,0.01,-100.0,BANKNIFTY2270732300CE,CE,32300.0,2022-07-07,25,BANKNIFTY,1.25,1921.5810000000001,1852.5,0.0,False,False,False,False,False,True,False,False,False,0.0,1875.0,2022-07-05,1765,0,2502825,1300,1925.25,-160.25,False,False,False,3309468.75,0.0
3848,2022-07-05 14:10:00+05:30,1765.05,1765.05,1765.05,1765.05,0,1875,0.01,-100.0,BANKNIFTY2270732300CE,CE,32300.0,2022-07-07,25,BANKNIFTY,1.25,1917.4140000000002,1853.75,0.0,False,False,False,False,False,True,False,False,False,0.0,1875.0,2022-07-05,1765,0,2502825,1300,1925.25,-160.25,False,False,False,3309468.75,0.0
3849,2022-07-05 14:11:00+05:30,1765.05,1765.05,1765.05,1765.05,0,1875,0.01,-100.0,BANKNIFTY2270732300CE,CE,32300.0,2022-07-07,25,BANKNIFTY,1.25,1913.3269999999998,1855.0,0.0,False,False,False,False,False,True,False,False,False,0.0,1875.0,2022-07-05,1765,0,2502825,1300,1925.25,-160.25,False,False,False,3309468.75,0.0
3850,2022-07-05 14:12:00+05:30,1765.05,1765.05,1765.05,1765.05,0,1875,0.01,-100.0,BANKNIFTY2270732300CE,CE,32300.0,2022-07-07,25,BANKNIFTY,1.25,1909.24,1856.25,0.0,False,False,False,False,False,True,False,False,False,0.0,1875.0,2022-07-05,1765,0,2502825,1300,1925.25,-160.25,False,False,False,3309468.75,0.0
3851,2022-07-05 14:13:00+05:30,1765.05,1765.05,1765.05,1765.05,0,1875,0.01,-100.0,BANKNIFTY2270732300CE,CE,32300.0,2022-07-07,25,BANKNIFTY,1.25,1905.1530000000002,1857.5,0.0,False,False,False,False,False,True,False,False,False,0.0,1875.0,2022-07-05,1765,0,2502825,1300,1925.25,-160.25,False,False,False,3309468.75,0.0
3852,2022-07-05 14:14:00+05:30,1765.05,1765.05,1765.05,1765.05,0,1875,0.01,-100.0,BANKNIFTY2270732300CE,CE,32300.0,2022-07-07,25,BANKNIFTY,1.25,1901.066,1858.75,0.0,False,False,False,False,False,True,False,False,False,0.0,1875.0,2022-07-05,1765,0,2502825,1300,1925.25,-160.25,False,False,False,3309468.75,0.0
3853,2022-07-05 14:15:00+05:30,1765.05,1765.05,1765.05,1765.05,0,1875,0.01,-100.0,BANKNIFTY2270732300CE,CE,32300.0,2022-07-07,25,BANKNIFTY,1.25,1896.9790000000003,1860.0,0.0,False,False,False,False,False,True,False,False,False,0.0,1875.0,2022-07-05,1765,0,2502825,1300,1925.25,-160.25,False,False,False,3309468.75,0.0
3854,2022-07-05 14:16:00+05:30,1765.05,1765.05,1765.05,1765.05,0,1875,0.01,,BANKNIFTY2270732300CE,CE,32300.0,2022-07-07,25,BANKNIFTY,1.25,1892.8919999999998,1861.25,0.0,False,False,False,False,False,True,False,False,False,0.0,1875.0,2022-07-05,1765,0,2502825,1300,1925.25,-160.25,False,False,False,3309468.75,0.0
3855,2022-07-05 14:17:00+05:30,1765.05,1765.05,1765.05,1765.05,0,1875,0.01,,BANKNIFTY2270732300CE,CE,32300.0,2022-07-07,25,BANKNIFTY,1.25,1888.805,1862.5,0.0,False,False,False,False,False,True,False,False,False,0.0,1875.0,2022-07-05,1765,0,2502825,1300,1925.25,-160.25,False,False,False,3309468.75,0.0
3856,2022-07-05 14:18:00+05:30,1765.05,1765.05,1765.05,1765.05,0,1875,0.01,,BANKNIFTY2270732300CE,CE,32300.0,2022-07-07,25,BANKNIFTY,1.25,1884.718,1863.75,0.0,False,False,False,False,False,True,False,False,False,0.0,1875.0,2022-07-05,1765,0,2502825,1300,1925.25,-160.25,False,False,False,3309468.75,0.0
3857,2022-07-05 14:19:00+05:30,1765.05,1765.05,1765.05,1765.05,0,1875,0.01,,BANKNIFTY2270732300CE,CE,32300.0,2022-07-07,25,BANKNIFTY,1.25,1880.631,1865.0,0.0,False,False,False,False,False,True,False,False,False,0.0,1875.0,2022-07-05,1765,0,2502825,1300,1925.25,-160.25,False,False,False,3309468.75,0.0
3858,2022-07-05 14:20:00+05:30,1765.05,1765.05,1765.05,1765.05,0,1875,0.01,,BANKNIFTY2270732300CE,CE,32300.0,2022-07-07,25,BANKNIFTY,1.25,1876.5440000000003,1866.25,0.0,False,False,False,False,False,True,False,False,False,0.0,1875.0,2022-07-05,1765,0,2502825,1300,1925.25,-160.25,False,False,False,3309468.75,0.0
3859,2022-07-05 14:21:00+05:30,1765.05,1765.05,1765.05,1765.05,0,1875,0.01,,BANKNIFTY2270732300CE,CE,32300.0,2022-07-07,25,BANKNIFTY,1.25,1872.4569999999999,1867.5,0.0,False,False,False,False,False,True,False,False,False,0.0,1875.0,2022-07-05,1765,0,2502825,1300,1925.25,-160.25,False,False,False,3309468.75,0.0
3860,2022-07-05 14:22:00+05:30,1765.05,1765.05,1765.05,1765.05,0,1875,0.01,,BANKNIFTY2270732300CE,CE,32300.0,2022-07-07,25,BANKNIFTY,1.25,1868.37,1868.75,0.0,False,False,False,False,False,True,False,False,False,0.0,1875.0,2022-07-05,1765,0,2502825,1300,1925.25,-160.25,False,False,False,3309468.75,0.0
3861,2022-07-05 14:23:00+05:30,1765.05,1765.05,1765.05,1765.05,0,1875,0.01,,BANKNIFTY2270732300CE,CE,32300.0,2022-07-07,25,BANKNIFTY,1.25,1864.2830000000001,1870.0,0.0,False,False,False,False,False,True,False,False,False,0.0,1875.0,2022-07-05,1765,0,2502825,1300,1925.25,-160.25,False,False,False,3309468.75,0.0
3862,2022-07-05 14:24:00+05:30,1765.05,1765.05,1765.05,1765.05,0,1875,0.01,,BANKNIFTY2270732300CE,CE,32300.0,2022-07-07,25,BANKNIFTY,1.25,1860.1960000000001,1871.25,0.0,False,False,False,False,False,True,False,False,False,0.0,1875.0,2022-07-05,1765,0,2502825,1300,1925.25,-160.25,False,False,False,3309468.75,0.0
3863,2022-07-05 14:25:00+05:30,1765.05,1765.05,1765.05,1765.05,0,1875,0.01,,BANKNIFTY2270732300CE,CE,32300.0,2022-07-07,25,BANKNIFTY,1.25,1856.1090000000002,1872.5,0.0,False,False,False,False,False,True,False,False,False,0.0,1875.0,2022-07-05,1765,0,2502825,1300,1925.25,-160.25,False,False,False,3309468.75,0.0
3864,2022-07-05 14:26:00+05:30,1765.05,1765.05,1765.05,1765.05,0,1875,0.01,,BANKNIFTY2270732300CE,CE,32300.0,2022-07-07,25,BANKNIFTY,1.25,1852.022,1873.75,0.0,False,False,False,False,False,True,False,False,False,0.0,1875.0,2022-07-05,1765,0,2502825,1300,1925.25,-160.25,False,False,False,3309468.75,0.0
3865,2022-07-05 14:27:00+05:30,1765.05,1765.05,1765.05,1765.05,0,1875,0.01,,BANKNIFTY2270732300CE,CE,32300.0,2022-07-07,25,BANKNIFTY,1.25,1847.935,1875.0,0.0,False,False,False,False,False,True,False,False,False,0.0,1875.0,2022-07-05,1765,0,2502825,1300,1925.25,-160.25,False,False,False,3309468.75,0.0
3866,2022-07-05 14:28:00+05:30,1765.05,1765.05,1765.05,1765.05,0,1875,0.01,,BANKNIFTY2270732300CE,CE,32300.0,2022-07-07,25,BANKNIFTY,0.0,1843.8480000000002,1875.0,,False,False,False,False,False,True,False,False,False,0.0,1875.0,2022-07-05,1765,0,2502825,1300,1925.25,-160.25,False,False,False,3309468.75,0.0
3867,2022-07-05 14:29:00+05:30,1765.05,1765.05,1765.05,1765.05,0,1875,0.01,,BANKNIFTY2270732300CE,CE,32300.0,2022-07-07,25,BANKNIFTY,0.0,1839.761,1875.0,,False,False,False,False,False,True,False,False,False,0.0,1875.0,2022-07-05,1765,0,2502825,1300,1925.25,-160.25,False,False,False,3309468.75,0.0
3868,2022-07-05 14:30:00+05:30,1765.05,1765.05,1765.05,1765.05,0,1875,0.01,,BANKNIFTY2270732300CE,CE,32300.0,2022-07-07,25,BANKNIFTY,0.0,1835.6740000000002,1875.0,,False,False,False,False,False,True,False,False,False,0.0,1875.0,2022-07-05,1765,0,2502825,1300,1925.25,-160.25,False,False,False,3309468.75,0.0
3869,2022-07-05 14:31:00+05:30,1765.05,1765.05,1765.05,1765.05,0,1875,0.01,,BANKNIFTY2270732300CE,CE,32300.0,2022-07-07,25,BANKNIFTY,0.0,1831.5869999999998,1875.0,,False,False,False,False,False,True,False,False,False,0.0,1875.0,2022-07-05,1765,0,2502825,1300,1925.25,-160.25,False,False,False,3309468.75,0.0
3870,2022-07-05 14:32:00+05:30,1765.05,1765.05,1765.05,1765.05,0,1875,0.01,,BANKNIFTY2270732300CE,CE,32300.0,2022-07-07,25,BANKNIFTY,0.0,1827.5,1875.0,,False,False,False,False,False,True,False,False,False,0.0,1875.0,2022-07-05,1765,0,2502825,1300,1925.25,-160.25,False,False,False,3309468.75,0.0
3871,2022-07-05 14:33:00+05:30,1765.05,1765.05,1765.05,1765.05,0,1875,0.01,,BANKNIFTY2270732300CE,CE,32300.0,2022-07-07,25,BANKNIFTY,0.0,1825.0020000000002,1875.0,,False,False,False,False,False,True,False,False,False,0.0,1875.0,2022-07-05,1765,0,2502825,1300,1925.25,-160.25,False,False,False,3309468.75,0.0
3872,2022-07-05 14:34:00+05:30,1765.05,1765.05,1765.05,1765.05,0,1875,0.01,,BANKNIFTY2270732300CE,CE,32300.0,2022-07-07,25,BANKNIFTY,0.0,1822.504,1875.0,,False,False,False,False,False,True,False,False,False,0.0,1875.0,2022-07-05,1765,0,2502825,1300,1925.25,-160.25,False,False,False,3309468.75,0.0
3873,2022-07-05 14:35:00+05:30,1765.05,1765.05,1765.05,1765.05,0,1875,0.01,,BANKNIFTY2270732300CE,CE,32300.0,2022-07-07,25,BANKNIFTY,0.0,1820.0059999999999,1875.0,,False,False,False,False,False,True,False,False,False,0.0,1875.0,2022-07-05,1765,0,2502825,1300,1925.25,-160.25,False,False,False,3309468.75,0.0
3874,2022-07-05 14:36:00+05:30,1765.05,1765.05,1765.05,1765.05,0,1875,0.01,,BANKNIFTY2270732300CE,CE,32300.0,2022-07-07,25,BANKNIFTY,0.0,1817.5079999999998,1875.0,,False,False,False,False,False,True,False,False,False,0.0,1875.0,2022-07-05,1765,0,2502825,1300,1925.25,-160.25,False,False,False,3309468.75,0.0
3875,2022-07-05 14:37:00+05:30,1765.05,1765.05,1765.05,1765.05,0,1875,0.01,,BANKNIFTY2270732300CE,CE,32300.0,2022-07-07,25,BANKNIFTY,0.0,1815.01,1875.0,,False,False,False,False,False,True,False,False,False,0.0,1875.0,2022-07-05,1765,0,2502825,1300,1925.25,-160.25,False,False,False,3309468.75,0.0
3876,2022-07-05 14:38:00+05:30,1765.05,1765.05,1765.05,1765.05,0,1875,0.01,,BANKNIFTY2270732300CE,CE,32300.0,2022-07-07,25,BANKNIFTY,0.0,1812.5120000000002,1875.0,,False,False,False,False,False,True,False,False,False,0.0,1875.0,2022-07-05,1765,0,2502825,1300,1925.25,-160.25,False,False,False,3309468.75,0.0
3877,2022-07-05 14:39:00+05:30,1765.05,1765.05,1765.05,1765.05,0,1875,0.01,,BANKNIFTY2270732300CE,CE,32300.0,2022-07-07,25,BANKNIFTY,0.0,1810.014,1875.0,,False,False,False,False,False,True,False,False,False,0.0,1875.0,2022-07-05,1765,0,2502825,1300,1925.25,-160.25,False,False,False,3309468.75,0.0
3878,2022-07-05 14:40:00+05:30,1765.05,1765.05,1765.05,1765.05,0,1875,0.01,,BANKNIFTY2270732300CE,CE,32300.0,2022-07-07,25,BANKNIFTY,0.0,1807.5159999999998,1875.0,,False,False,False,False,False,True,False,False,False,0.0,1875.0,2022-07-05,1765,0,2502825,1300,1925.25,-160.25,False,False,False,3309468.75,0.0
3879,2022-07-05 14:41:00+05:30,1765.05,1765.05,1765.05,1765.05,0,1875,0.01,,BANKNIFTY2270732300CE,CE,32300.0,2022-07-07,25,BANKNIFTY,0.0,1805.0179999999998,1875.0,,False,False,False,False,False,True,False,False,False,0.0,1875.0,2022-07-05,1765,0,2502825,1300,1925.25,-160.25,False,False,False,3309468.75,0.0
3880,2022-07-05 14:42:00+05:30,1765.05,1765.05,1765.05,1765.05,0,1875,0.01,,BANKNIFTY2270732300CE,CE,32300.0,2022-07-07,25,BANKNIFTY,0.0,1802.52,1875.0,,False,False,False,False,False,True,False,False,False,0.0,1875.0,2022-07-05,1765,0,2502825,1300,1925.25,-160.25,False,False,False,3309468.75,0.0
3881,2022-07-05 14:43:00+05:30,1765.05,1765.05,1765.05,1765.05,0,1875,0.01,,BANKNIFTY2270732300CE,CE,32300.0,2022-07-07,25,BANKNIFTY,0.0,1800.0220000000002,1875.0,,False,False,False,False,False,True,False,False,False,0.0,1875.0,2022-07-05,1765,0,2502825,1300,1925.25,-160.25,False,False,False,3309468.75,0.0
3882,2022-07-05 14:44:00+05:30,1765.05,1765.05,1765.05,1765.05,0,1875,0.01,,BANKNIFTY2270732300CE,CE,32300.0,2022-07-07,25,BANKNIFTY,0.0,1797.524,1875.0,,False,False,False,False,False,True,False,False,False,0.0,1875.0,2022-07-05,1765,0,2502825,1300,1925.25,-160.25,False,False,False,3309468.75,0.0
3883,2022-07-05 14:45:00+05:30,1765.05,1765.05,1765.05,1765.05,0,1875,0.01,,BANKNIFTY2270732300CE,CE,32300.0,2022-07-07,25,BANKNIFTY,0.0,1795.0259999999998,1875.0,,False,False,False,False,False,True,False,False,False,0.0,1875.0,2022-07-05,1765,0,2502825,1300,1925.25,-160.25,False,False,False,3309468.75,0.0
3884,2022-07-05 14:46:00+05:30,1765.05,1765.05,1765.05,1765.05,0,1875,0.01,,BANKNIFTY2270732300CE,CE,32300.0,2022-07-07,25,BANKNIFTY,0.0,1792.5279999999998,1875.0,,False,False,False,False,False,True,False,False,False,0.0,1875.0,2022-07-05,1765,0,2502825,1300,1925.25,-160.25,False,False,False,3309468.75,0.0
3885,2022-07-05 14:47:00+05:30,1765.05,1765.05,1765.05,1765.05,0,1875,0.01,,BANKNIFTY2270732300CE,CE,32300.0,2022-07-07,25,BANKNIFTY,0.0,1790.03,1875.0,,False,False,False,False,False,True,False,False,False,0.0,1875.0,2022-07-05,1765,0,2502825,1300,1925.25,-160.25,False,False,False,3309468.75,0.0
3886,2022-07-05 14:48:00+05:30,1765.05,1765.05,1765.05,1765.05,0,1875,0.01,,BANKNIFTY2270732300CE,CE,32300.0,2022-07-07,25,BANKNIFTY,0.0,1787.5320000000002,1875.0,,False,False,False,False,False,True,False,False,False,0.0,1875.0,2022-07-05,1765,0,2502825,1300,1925.25,-160.25,False,False,False,3309468.75,0.0
3887,2022-07-05 14:49:00+05:30,1765.05,1765.05,1765.05,1765.05,0,1875,0.01,,BANKNIFTY2270732300CE,CE,32300.0,2022-07-07,25,BANKNIFTY,0.0,1785.0339999999999,1875.0,,False,False,False,False,False,True,False,False,False,0.0,1875.0,2022-07-05,1765,0,2502825,1300,1925.25,-160.25,False,False,False,3309468.75,0.0
3888,2022-07-05 14:50:00+05:30,1765.05,1765.05,1765.05,1765.05,0,1875,0.01,,BANKNIFTY2270732300CE,CE,32300.0,2022-07-07,25,BANKNIFTY,0.0,1782.5359999999998,1875.0,,False,False,False,False,False,True,False,False,False,0.0,1875.0,2022-07-05,1765,0,2502825,1300,1925.25,-160.25,False,False,False,3309468.75,0.0
3889,2022-07-05 14:51:00+05:30,1765.05,1765.05,1765.05,1765.05,0,1875,0.01,,BANKNIFTY2270732300CE,CE,32300.0,2022-07-07,25,BANKNIFTY,0.0,1780.0379999999998,1875.0,,False,False,False,False,False,True,False,False,False,0.0,1875.0,2022-07-05,1765,0,2502825,1300,1925.25,-160.25,False,False,False,3309468.75,0.0
3890,2022-07-05 14:52:00+05:30,1765.05,1765.05,1765.05,1765.05,0,1875,0.01,,BANKNIFTY2270732300CE,CE,32300.0,2022-07-07,25,BANKNIFTY,0.0,1777.54,1875.0,,False,False,False,False,False,True,False,False,False,0.0,1875.0,2022-07-05,1765,0,2502825,1300,1925.25,-160.25,False,False,False,3309468.75,0.0
3891,2022-07-05 14:53:00+05:30,1765.05,1765.05,1765.05,1765.05,0,1875,0.01,,BANKNIFTY2270732300CE,CE,32300.0,2022-07-07,25,BANKNIFTY,0.0,1775.0420000000001,1875.0,,False,False,False,False,False,True,False,False,False,0.0,1875.0,2022-07-05,1765,0,2502825,1300,1925.25,-160.25,False,False,False,3309468.75,0.0
3892,2022-07-05 14:54:00+05:30,1765.05,1765.05,1765.05,1765.05,0,1875,0.01,,BANKNIFTY2270732300CE,CE,32300.0,2022-07-07,25,BANKNIFTY,0.0,1772.5439999999999,1875.0,,False,False,False,False,False,True,False,False,False,0.0,1875.0,2022-07-05,1765,0,2502825,1300,1925.25,-160.25,False,False,False,3309468.75,0.0
3893,2022-07-05 14:55:00+05:30,1765.05,1765.05,1765.05,1765.05,0,1875,0.01,,BANKNIFTY2270732300CE,CE,32300.0,2022-07-07,25,BANKNIFTY,0.0,1770.0459999999998,1875.0,,False,False,False,False,False,True,False,False,False,0.0,1875.0,2022-07-05,1765,0,2502825,1300,1925.25,-160.25,False,False,False,3309468.75,0.0
3894,2022-07-05 14:56:00+05:30,1765.05,1765.05,1765.05,1765.05,0,1875,0.01,,BANKNIFTY2270732300CE,CE,32300.0,2022-07-07,25,BANKNIFTY,0.0,1767.5479999999998,1875.0,,False,False,False,False,False,True,False,False,False,0.0,1875.0,2022-07-05,1765,0,2502825,1300,1925.25,-160.25,False,False,False,3309468.75,0.0
3895,2022-07-05 14:57:00+05:30,1765.05,1765.05,1765.05,1765.05,0,1875,0.01,,BANKNIFTY2270732300CE,CE,32300.0,2022-07-07,25,BANKNIFTY,0.0,1765.05,1875.0,,False,False,False,False,False,True,False,False,False,0.0,1875.0,2022-07-05,1765,0,2502825,1300,1925.25,-160.25,False,False,False,3309468.75,0.0
3896,2022-07-05 14:58:00+05:30,1765.05,1765.05,1765.05,1765.05,0,1875,0.01,,BANKNIFTY2270732300CE,CE,32300.0,2022-07-07,25,BANKNIFTY,0.0,1765.05,1875.0,,False,False,False,False,False,True,False,False,False,0.0,1875.0,2022-07-05,1765,0,2502825,1300,1925.25,-160.25,False,False,False,3309468.75,0.0
3897,2022-07-05 14:59:00+05:30,1765.05,1765.05,1765.05,1765.05,0,1875,0.01,,BANKNIFTY2270732300CE,CE,32300.0,2022-07-07,25,BANKNIFTY,0.0,1765.05,1875.0,,False,False,False,False,False,True,False,False,False,0.0,1875.0,2022-07-05,1765,0,2502825,1300,1925.25,-160.25,False,False,False,3309468.75,0.0
3898,2022-07-05 15:00:00+05:30,1765.05,1765.05,1765.05,1765.05,0,1875,0.01,,BANKNIFTY2270732300CE,CE,32300.0,2022-07-07,25,BANKNIFTY,0.0,1765.0499999999997,1875.0,,False,False,False,True,False,True,False,False,False,0.0,1875.0,2022-07-05,1765,0,2502825,1300,1925.25,-160.25,False,False,False,3309468.75,0.0
3899,2022-07-05 15:01:00+05:30,1765.05,1765.05,1765.05,1765.05,0,1875,0.01,,BANKNIFTY2270732300CE,CE,32300.0,2022-07-07,25,BANKNIFTY,0.0,1765.05,1875.0,,False,False,False,False,False,True,False,False,False,0.0,1875.0,2022-07-05,1765,0,2502825,1300,1925.25,-160.25,False,False,False,3309468.75,0.0
3900,2022-07-05 15:02:00+05:30,1765.05,1765.05,1765.05,1765.05,0,1875,0.01,,BANKNIFTY2270732300CE,CE,32300.0,2022-07-07,25,BANKNIFTY,0.0,1765.05,1875.0,,False,False,False,False,False,True,False,False,False,0.0,1875.0,2022-07-05,1765,0,2502825,1300,1925.25,-160.25,False,False,False,3309468.75,0.0
3901,2022-07-05 15:03:00+05:30,1765.05,1765.05,1765.05,1765.05,0,1875,0.01,,BANKNIFTY2270732300CE,CE,32300.0,2022-07-07,25,BANKNIFTY,0.0,1765.05,1875.0,,False,False,False,False,False,True,False,False,False,0.0,1875.0,2022-07-05,1765,0,2502825,1300,1925.25,-160.25,False,False,False,3309468.75,0.0
3902,2022-07-05 15:04:00+05:30,1765.05,1765.05,1444.05,1446.9,50,1875,0.0,-100.0,BANKNIFTY2270732300CE,CE,32300.0,2022-07-07,25,BANKNIFTY,2.5,1758.687,1875.0,20.0,False,False,True,False,False,True,False,False,False,0.0,1875.0,2022-07-05,1552,77600,2580425,1350,1911.43,-359.43,False,False,False,3008531.25,0.0
3903,2022-07-05 15:05:00+05:30,1446.9,1446.9,1446.9,1446.9,0,1875,0.0,-100.0,BANKNIFTY2270732300CE,CE,32300.0,2022-07-07,25,BANKNIFTY,2.5,1752.3239999999998,1875.0,0.0,False,False,False,False,False,True,False,False,False,0.0,1875.0,2022-07-05,1446,0,2580425,1350,1911.43,-465.43,False,False,False,2712937.5,0.0
3904,2022-07-05 15:06:00+05:30,1446.9,1446.9,1446.9,1446.9,0,1875,0.0,-100.0,BANKNIFTY2270732300CE,CE,32300.0,2022-07-07,25,BANKNIFTY,2.5,1745.961,1875.0,0.0,False,False,False,False,False,True,False,False,False,0.0,1875.0,2022-07-05,1446,0,2580425,1350,1911.43,-465.43,False,False,False,2712937.5,0.0
3905,2022-07-05 15:07:00+05:30,1446.9,1446.9,1446.9,1446.9,0,1875,0.0,-100.0,BANKNIFTY2270732300CE,CE,32300.0,2022-07-07,25,BANKNIFTY,2.5,1739.598,1875.0,0.0,False,False,False,False,False,True,False,False,False,0.0,1875.0,2022-07-05,1446,0,2580425,1350,1911.43,-465.43,False,False,False,2712937.5,0.0
3906,2022-07-05 15:08:00+05:30,1446.9,1446.9,1446.9,1446.9,0,1875,0.0,-100.0,BANKNIFTY2270732300CE,CE,32300.0,2022-07-07,25,BANKNIFTY,2.5,1733.235,1875.0,0.0,False,False,False,False,False,True,False,False,False,0.0,1875.0,2022-07-05,1446,0,2580425,1350,1911.43,-465.43,False,False,False,2712937.5,0.0
3907,2022-07-05 15:09:00+05:30,1446.9,1446.9,1446.9,1446.9,0,1875,0.0,-100.0,BANKNIFTY2270732300CE,CE,32300.0,2022-07-07,25,BANKNIFTY,2.5,1726.8719999999998,1875.0,0.0,False,False,False,False,False,True,False,False,False,0.0,1875.0,2022-07-05,1446,0,2580425,1350,1911.43,-465.43,False,False,False,2712937.5,0.0
3908,2022-07-05 15:10:00+05:30,1446.9,1500.0,1446.9,1500.0,25,1875,20.55,-71.39393939393942,BANKNIFTY2270732300CE,CE,32300.0,2022-07-07,25,BANKNIFTY,3.75,1721.5709999999997,1875.0,6.67,False,False,True,False,False,True,False,True,True,0.0,1875.0,2022-07-05,1482,37050,2617475,1375,1903.62,-421.62,False,True,False,2762718.75,0.0
3909,2022-07-05 15:11:00+05:30,1500.0,1500.0,1500.0,1500.0,0,1875,20.55,-71.39393939393942,BANKNIFTY2270732300CE,CE,32300.0,2022-07-07,25,BANKNIFTY,3.75,1716.27,1875.0,0.0,False,False,False,False,False,True,False,False,False,0.0,1875.0,2022-07-05,1500,0,2617475,1375,1903.62,-403.62,False,True,False,2812500.0,0.0
3910,2022-07-05 15:12:00+05:30,1500.0,1500.0,1500.0,1500.0,0,1875,20.55,100.0,BANKNIFTY2270732300CE,CE,32300.0,2022-07-07,25,BANKNIFTY,3.75,1710.969,1875.0,0.0,False,False,False,False,False,True,True,False,False,0.0,1875.0,2022-07-05,1500,0,2617475,1375,1903.62,-403.62,False,False,False,2812500.0,0.0
3911,2022-07-05 15:13:00+05:30,1500.0,1500.0,1500.0,1500.0,0,1875,20.55,100.0,BANKNIFTY2270732300CE,CE,32300.0,2022-07-07,25,BANKNIFTY,3.75,1705.668,1875.0,0.0,False,False,False,False,False,True,True,False,False,0.0,1875.0,2022-07-05,1500,0,2617475,1375,1903.62,-403.62,False,False,False,2812500.0,0.0
3912,2022-07-05 15:14:00+05:30,1500.0,1500.0,1500.0,1500.0,0,1875,20.55,100.0,BANKNIFTY2270732300CE,CE,32300.0,2022-07-07,25,BANKNIFTY,3.75,1700.3669999999997,1875.0,0.0,False,False,False,False,False,True,True,False,False,0.0,1875.0,2022-07-05,1500,0,2617475,1375,1903.62,-403.62,False,False,False,2812500.0,0.0
3913,2022-07-05 15:15:00+05:30,1500.0,1500.0,1485.85,1485.85,125,1875,19.04,57.91821561338263,BANKNIFTY2270732300CE,CE,32300.0,2022-07-07,25,BANKNIFTY,10.0,1694.783,1875.0,12.5,False,False,True,False,False,True,True,False,False,0.0,1875.0,2022-07-05,1490,186250,2803725,1500,1869.15,-379.15,False,True,False,2799234.375,0.0
3914,2022-07-05 15:16:00+05:30,1485.85,1485.85,1485.85,1485.85,0,1875,19.04,57.91821561338263,BANKNIFTY2270732300CE,CE,32300.0,2022-07-07,25,BANKNIFTY,10.0,1689.1989999999998,1875.0,0.0,False,False,False,False,False,True,True,False,False,0.0,1875.0,2022-07-05,1485,0,2803725,1500,1869.15,-384.15,False,False,False,2785968.75,0.0
3915,2022-07-05 15:17:00+05:30,1485.85,1485.85,1485.85,1485.85,0,1875,19.04,57.91821561338263,BANKNIFTY2270732300CE,CE,32300.0,2022-07-07,25,BANKNIFTY,10.0,1683.615,1875.0,0.0,False,False,False,False,False,True,True,False,False,0.0,1875.0,2022-07-05,1485,0,2803725,1500,1869.15,-384.15,False,False,False,2785968.75,0.0
3916,2022-07-05 15:18:00+05:30,1485.85,1485.85,1485.85,1485.85,0,1875,19.04,-100.0,BANKNIFTY2270732300CE,CE,32300.0,2022-07-07,25,BANKNIFTY,10.0,1678.031,1875.0,0.0,False,False,False,False,False,True,False,False,False,0.0,1875.0,2022-07-05,1485,0,2803725,1500,1869.15,-384.15,False,False,False,2785968.75,0.0
3917,2022-07-05 15:19:00+05:30,1485.85,1485.85,1485.85,1485.85,0,1875,19.04,-100.0,BANKNIFTY2270732300CE,CE,32300.0,2022-07-07,25,BANKNIFTY,10.0,1672.447,1875.0,0.0,False,False,False,False,False,True,False,False,False,0.0,1875.0,2022-07-05,1485,0,2803725,1500,1869.15,-384.15,False,False,False,2785968.75,0.0
3918,2022-07-05 15:20:00+05:30,1485.85,1485.85,1485.85,1485.85,0,1875,19.04,-100.0,BANKNIFTY2270732300CE,CE,32300.0,2022-07-07,25,BANKNIFTY,10.0,1666.8629999999998,1875.0,0.0,False,False,False,False,False,True,False,False,False,0.0,1875.0,2022-07-05,1485,0,2803725,1500,1869.15,-384.15,False,False,False,2785968.75,0.0
3919,2022-07-05 15:21:00+05:30,1485.85,1485.85,1485.85,1485.85,0,1875,19.04,-100.0,BANKNIFTY2270732300CE,CE,32300.0,2022-07-07,25,BANKNIFTY,10.0,1661.279,1875.0,0.0,False,False,False,False,False,True,False,False,False,0.0,1875.0,2022-07-05,1485,0,2803725,1500,1869.15,-384.15,False,False,False,2785968.75,0.0
3920,2022-07-05 15:22:00+05:30,1485.85,1485.85,1485.85,1485.85,0,1875,19.04,-100.0,BANKNIFTY2270732300CE,CE,32300.0,2022-07-07,25,BANKNIFTY,10.0,1655.695,1875.0,0.0,False,False,False,False,False,True,False,False,False,0.0,1875.0,2022-07-05,1485,0,2803725,1500,1869.15,-384.15,False,False,False,2785968.75,0.0
3921,2022-07-05 15:23:00+05:30,1485.85,1485.85,1485.85,1485.85,0,1875,19.04,,BANKNIFTY2270732300CE,CE,32300.0,2022-07-07,25,BANKNIFTY,10.0,1650.111,1875.0,0.0,False,False,False,False,False,True,False,False,False,0.0,1875.0,2022-07-05,1485,0,2803725,1500,1869.15,-384.15,False,False,False,2785968.75,0.0
3922,2022-07-05 15:24:00+05:30,1485.85,1485.85,1485.85,1485.85,0,1875,19.04,,BANKNIFTY2270732300CE,CE,32300.0,2022-07-07,25,BANKNIFTY,7.5,1644.5269999999998,1875.0,0.0,False,False,False,False,False,True,False,False,False,0.0,1875.0,2022-07-05,1485,0,2803725,1500,1869.15,-384.15,False,False,False,2785968.75,0.0
3923,2022-07-05 15:25:00+05:30,1485.85,1485.85,1485.85,1485.85,0,1875,19.04,,BANKNIFTY2270732300CE,CE,32300.0,2022-07-07,25,BANKNIFTY,7.5,1638.943,1875.0,0.0,False,False,False,False,False,True,False,False,False,0.0,1875.0,2022-07-05,1485,0,2803725,1500,1869.15,-384.15,False,False,False,2785968.75,0.0
3924,2022-07-05 15:26:00+05:30,1485.85,1485.85,1439.55,1439.55,25,1975,12.34,-100.0,BANKNIFTY2270732300CE,CE,32300.0,2022-07-07,25,BANKNIFTY,8.75,1632.4330000000002,1880.0,2.86,False,False,True,False,False,True,False,False,False,100.0,1975.0,2022-07-05,1454,36350,2840075,1525,1862.34,-408.34,False,False,False,2888832.4999999995,100.0
3925,2022-07-05 15:27:00+05:30,1439.55,1439.55,1439.55,1439.55,0,1975,12.34,-100.0,BANKNIFTY2270732300CE,CE,32300.0,2022-07-07,25,BANKNIFTY,8.75,1625.9229999999998,1885.0,0.0,False,False,False,False,False,True,False,False,False,0.0,1975.0,2022-07-05,1439,0,2840075,1525,1862.34,-423.34,False,False,False,2843111.25,0.0
3926,2022-07-05 15:28:00+05:30,1439.55,1439.55,1439.55,1439.55,0,1975,12.34,-100.0,BANKNIFTY2270732300CE,CE,32300.0,2022-07-07,25,BANKNIFTY,8.75,1619.4129999999998,1890.0,0.0,False,False,False,False,False,True,False,False,False,0.0,1975.0,2022-07-05,1439,0,2840075,1525,1862.34,-423.34,False,False,False,2843111.25,0.0
3927,2022-07-05 15:29:00+05:30,1439.55,1439.55,1439.55,1439.55,0,1975,12.34,-100.0,BANKNIFTY2270732300CE,CE,32300.0,2022-07-07,25,BANKNIFTY,8.75,1612.9029999999998,1895.0,0.0,False,False,False,False,False,True,False,False,False,0.0,1975.0,2022-07-05,1439,0,2840075,1525,1862.34,-423.34,False,False,False,2843111.25,0.0
3928,2022-07-05 15:30:00+05:30,1439.55,1439.55,1439.55,1439.55,0,1975,12.34,-100.0,BANKNIFTY2270732300CE,CE,32300.0,2022-07-07,25,BANKNIFTY,7.5,1606.3930000000003,1900.0,0.0,False,False,False,False,False,True,False,False,False,0.0,1975.0,2022-07-05,1439,0,2840075,1525,1862.34,-423.34,False,False,False,2843111.25,0.0
