,date,open,high,low,close,volume,oi,rsi,CMO,tradingsymbol,instrument_type,strike,expiry,lot_size,name,Volume_20_sma,close 50 sma,OI_20_sma,Volume x times,OI_below_20_sma,OI_trend,volume_trend,price>50sma,volume_qualify,rsi_signal,CMO_signal,rsi_trend,greencandle,OI_change,OI_change_cum,new_date,typical price,v*p,cum v*p,cum v,vwap,price_minus_vwap,price_vs_vwap,price_away_vwap,qualify,OI_Value,OI_change_abs
4500,2022-07-05 09:15:00+05:30,1.15,1.35,1.15,1.25,210850,1899550,50.11,0.0,NIFTY2270716600CE,CE,16600.0,2022-07-07,50,NIFTY,114372.5,1.3219999999999998,1846845.0,1.84,False,False,True,False,True,False,False,True,True,19850.0,1899550.0,2022-07-05,1,210850,210850,210850,1.0,0.0,True,False,False,2374437.5,19850.0
4501,2022-07-05 09:16:00+05:30,1.25,1.3,1.2,1.25,154200,1899550,50.11,20.0,NIFTY2270716600CE,CE,16600.0,2022-07-07,50,NIFTY,117787.5,1.3189999999999997,1851797.5,1.31,False,False,True,False,True,False,False,False,False,0.0,1899550.0,2022-07-05,1,154200,365050,365050,1.0,0.0,True,False,False,2374437.5,0.0
4502,2022-07-05 09:17:00+05:30,1.25,1.25,1.15,1.2,61750,1895250,44.8,20.0,NIFTY2270716600CE,CE,16600.0,2022-07-07,50,NIFTY,111185.0,1.315,1855077.5,0.56,False,True,False,False,True,False,False,False,False,-4300.0,1895250.0,2022-07-05,1,61750,426800,426800,1.0,0.0,True,False,False,2274300.0,4300.0
4503,2022-07-05 09:18:00+05:30,1.2,1.25,1.1,1.2,241800,1895250,44.8,20.0,NIFTY2270716600CE,CE,16600.0,2022-07-07,50,NIFTY,121775.0,1.3119999999999998,1858357.5,1.99,False,False,True,False,True,False,False,False,False,0.0,1895250.0,2022-07-05,1,241800,668600,668600,1.0,0.0,True,False,False,2226918.75,0.0
4504,2022-07-05 09:19:00+05:30,1.2,1.25,1.15,1.2,103400,1895250,44.8,20.0,NIFTY2270716600CE,CE,16600.0,2022-07-07,50,NIFTY,124505.0,1.308,1861637.5,0.83,False,False,True,False,True,False,False,False,False,0.0,1895250.0,2022-07-05,1,103400,772000,772000,1.0,0.0,True,False,False,2274300.0,0.0
4505,2022-07-05 09:20:00+05:30,1.2,1.25,1.15,1.25,141800,1944750,51.25,20.0,NIFTY2270716600CE,CE,16600.0,2022-07-07,50,NIFTY,126195.0,1.306,1866920.0,1.12,False,False,True,False,True,False,False,True,True,49500.0,1944750.0,2022-07-05,1,141800,913800,913800,1.0,0.0,True,False,False,2333700.0,49500.0
4506,2022-07-05 09:21:00+05:30,1.25,1.25,1.15,1.15,88500,1944750,40.94,0.0,NIFTY2270716600CE,CE,16600.0,2022-07-07,50,NIFTY,124830.0,1.3019999999999998,1872202.5,0.71,False,False,False,False,True,False,False,False,False,0.0,1944750.0,2022-07-05,1,88500,1002300,1002300,1.0,0.0,True,False,False,2333700.0,0.0
4507,2022-07-05 09:22:00+05:30,1.2,1.2,1.1,1.1,130450,1944750,36.94,-14.285714285714231,NIFTY2270716600CE,CE,16600.0,2022-07-07,50,NIFTY,125787.5,1.297,1877485.0,1.04,False,False,True,False,True,False,False,False,False,0.0,1944750.0,2022-07-05,1,130450,1132750,1132750,1.0,0.0,True,False,False,2236462.5,0.0
4508,2022-07-05 09:23:00+05:30,1.15,1.15,1.1,1.15,35000,1927150,42.94,-33.33333333333338,NIFTY2270716600CE,CE,16600.0,2022-07-07,50,NIFTY,114920.0,1.2930000000000001,1881272.5,0.3,False,True,False,False,True,False,False,True,False,-17600.0,1927150.0,2022-07-05,1,35000,1167750,1167750,1.0,0.0,True,False,False,2168043.75,17600.0
4509,2022-07-05 09:24:00+05:30,1.15,1.15,1.05,1.15,186100,1927150,42.94,-33.33333333333338,NIFTY2270716600CE,CE,16600.0,2022-07-07,50,NIFTY,122315.0,1.2879999999999998,1885060.0,1.52,False,False,True,False,True,False,False,False,False,0.0,1927150.0,2022-07-05,1,186100,1353850,1353850,1.0,0.0,True,False,False,2119865.0,0.0
4510,2022-07-05 09:25:00+05:30,1.15,1.15,1.1,1.15,90450,1927150,42.94,-20.000000000000036,NIFTY2270716600CE,CE,16600.0,2022-07-07,50,NIFTY,126287.5,1.284,1888847.5,0.72,False,False,True,False,True,False,False,False,False,0.0,1927150.0,2022-07-05,1,90450,1444300,1444300,1.0,0.0,True,False,False,2168043.75,0.0
4511,2022-07-05 09:26:00+05:30,1.15,1.15,1.1,1.15,17550,1886850,42.94,-20.000000000000036,NIFTY2270716600CE,CE,16600.0,2022-07-07,50,NIFTY,124372.5,1.28,1890277.5,0.14,True,True,False,False,True,False,False,False,False,-40300.0,1886850.0,2022-07-05,1,17550,1461850,1461850,1.0,0.0,True,False,False,2122706.25,40300.0
4512,2022-07-05 09:27:00+05:30,1.15,1.2,1.1,1.15,138150,1886850,42.94,-20.000000000000036,NIFTY2270716600CE,CE,16600.0,2022-07-07,50,NIFTY,124765.0,1.276,1891707.5,1.11,True,False,True,False,True,False,False,False,False,0.0,1886850.0,2022-07-05,1,138150,1600000,1600000,1.0,0.0,True,False,False,2169877.5,0.0
4513,2022-07-05 09:28:00+05:30,1.15,1.15,1.1,1.15,22750,1886850,42.94,-50.000000000000114,NIFTY2270716600CE,CE,16600.0,2022-07-07,50,NIFTY,118402.5,1.271,1893137.5,0.19,True,False,False,False,True,False,False,False,False,0.0,1886850.0,2022-07-05,1,22750,1622750,1622750,1.0,0.0,True,False,False,2122706.25,0.0
4514,2022-07-05 09:29:00+05:30,1.15,1.15,1.1,1.1,53200,1910150,37.39,-33.33333333333333,NIFTY2270716600CE,CE,16600.0,2022-07-07,50,NIFTY,117732.5,1.265,1897602.5,0.45,False,False,False,False,True,False,False,False,False,23300.0,1910150.0,2022-07-05,1,53200,1675950,1675950,1.0,0.0,True,False,False,2148918.75,23300.0
4515,2022-07-05 09:30:00+05:30,1.1,1.15,1.1,1.1,35750,1910150,37.39,0.0,NIFTY2270716600CE,CE,16600.0,2022-07-07,50,NIFTY,110770.0,1.259,1902067.5,0.32,False,False,False,False,True,False,False,False,False,0.0,1910150.0,2022-07-05,1,35750,1711700,1711700,1.0,0.0,True,False,False,2148918.75,0.0
4516,2022-07-05 09:31:00+05:30,1.15,1.15,1.1,1.15,15850,1910150,45.56,0.0,NIFTY2270716600CE,CE,16600.0,2022-07-07,50,NIFTY,108415.0,1.254,1906532.5,0.15,False,False,False,False,True,False,False,True,False,0.0,1910150.0,2022-07-05,1,15850,1727550,1727550,1.0,0.0,True,False,False,2148918.75,0.0
4517,2022-07-05 09:32:00+05:30,1.1,1.15,1.1,1.15,14050,1919750,45.56,0.0,NIFTY2270716600CE,CE,16600.0,2022-07-07,50,NIFTY,99805.0,1.2489999999999999,1908535.0,0.14,False,False,False,False,True,False,False,False,True,9600.0,1919750.0,2022-07-05,1,14050,1741600,1741600,1.0,0.0,True,False,False,2159718.75,9600.0
4518,2022-07-05 09:33:00+05:30,1.15,1.15,1.1,1.1,32100,1919750,39.57,-33.33333333333333,NIFTY2270716600CE,CE,16600.0,2022-07-07,50,NIFTY,97690.0,1.242,1910537.5,0.33,False,False,False,False,True,False,False,False,False,0.0,1919750.0,2022-07-05,1,32100,1773700,1773700,1.0,0.0,True,False,False,2159718.75,0.0
4519,2022-07-05 09:34:00+05:30,1.15,1.15,1.05,1.05,87450,1919750,34.67,-50.00000000000006,NIFTY2270716600CE,CE,16600.0,2022-07-07,50,NIFTY,93057.5,1.235,1912540.0,0.94,False,False,False,False,True,False,False,False,False,0.0,1919750.0,2022-07-05,1,87450,1861150,1861150,1.0,0.0,True,False,False,2111725.0,0.0
4520,2022-07-05 09:35:00+05:30,1.1,1.1,1.05,1.1,20500,1900850,42.36,-19.999999999999964,NIFTY2270716600CE,CE,16600.0,2022-07-07,50,NIFTY,83540.0,1.23,1912605.0,0.25,True,True,False,False,True,False,False,True,False,-18900.0,1900850.0,2022-07-05,1,20500,1881650,1881650,1.0,0.0,True,False,False,2043413.7500000002,18900.0
4521,2022-07-05 09:36:00+05:30,1.1,1.1,1.05,1.1,15750,1900850,42.36,-19.999999999999964,NIFTY2270716600CE,CE,16600.0,2022-07-07,50,NIFTY,76617.5,1.224,1912670.0,0.21,True,False,False,False,True,False,False,False,False,0.0,1900850.0,2022-07-05,1,15750,1897400,1897400,1.0,0.0,True,False,False,2043413.7500000002,0.0
4522,2022-07-05 09:37:00+05:30,1.1,1.1,1.05,1.1,13750,1900850,42.36,0.0,NIFTY2270716600CE,CE,16600.0,2022-07-07,50,NIFTY,74217.5,1.2189999999999999,1912950.0,0.19,True,False,False,False,True,False,False,False,False,0.0,1900850.0,2022-07-05,1,13750,1911150,1911150,1.0,0.0,True,False,False,2043413.7500000002,0.0
4523,2022-07-05 09:38:00+05:30,1.1,1.1,1.05,1.1,14700,1900100,42.36,0.0,NIFTY2270716600CE,CE,16600.0,2022-07-07,50,NIFTY,62862.5,1.213,1913192.5,0.23,True,True,False,False,True,False,False,False,False,-750.0,1900100.0,2022-07-05,1,14700,1925850,1925850,1.0,0.0,True,False,False,2042607.5000000002,750.0
4524,2022-07-05 09:39:00+05:30,1.1,1.1,1.05,1.05,3500,1900100,36.57,-49.99999999999994,NIFTY2270716600CE,CE,16600.0,2022-07-07,50,NIFTY,57867.5,1.205,1913435.0,0.06,True,False,False,False,True,False,False,False,False,0.0,1900100.0,2022-07-05,1,3500,1929350,1929350,1.0,0.0,True,False,False,2042607.5000000002,0.0
4525,2022-07-05 09:40:00+05:30,1.05,1.15,1.05,1.1,163450,1900100,44.71,-19.99999999999993,NIFTY2270716600CE,CE,16600.0,2022-07-07,50,NIFTY,58950.0,1.1989999999999998,1911202.5,2.77,True,False,True,False,True,False,False,True,True,0.0,1900100.0,2022-07-05,1,163450,2092800,2092800,1.0,0.0,True,False,False,2090110.0000000002,0.0
4526,2022-07-05 09:41:00+05:30,1.1,1.15,1.1,1.15,50650,1915300,51.43,19.99999999999993,NIFTY2270716600CE,CE,16600.0,2022-07-07,50,NIFTY,57057.5,1.195,1909730.0,0.89,False,False,False,False,True,False,False,True,True,15200.0,1915300.0,2022-07-05,1,50650,2143450,2143450,1.0,0.0,True,False,False,2154712.5,15200.0
4527,2022-07-05 09:42:00+05:30,1.15,1.2,1.1,1.1,196200,1915300,45.48,20.000000000000036,NIFTY2270716600CE,CE,16600.0,2022-07-07,50,NIFTY,60345.0,1.188,1908257.5,3.25,False,False,True,False,True,False,False,False,False,0.0,1915300.0,2022-07-05,1,196200,2339650,2339650,1.0,0.0,True,False,False,2202595.0,0.0
4528,2022-07-05 09:43:00+05:30,1.1,1.2,1.1,1.2,194250,1915300,56.35,33.33333333333333,NIFTY2270716600CE,CE,16600.0,2022-07-07,50,NIFTY,68307.5,1.185,1907665.0,2.84,False,False,True,True,True,False,False,True,True,0.0,1915300.0,2022-07-05,1,194250,2533900,2533900,1.0,0.0,True,False,False,2202595.0,0.0
4529,2022-07-05 09:44:00+05:30,1.15,1.2,1.1,1.2,294950,1882550,56.35,33.33333333333333,NIFTY2270716600CE,CE,16600.0,2022-07-07,50,NIFTY,73750.0,1.181,1905435.0,4.0,True,True,True,True,True,False,False,False,True,-32750.0,1882550.0,2022-07-05,1,294950,2828850,2828850,1.0,0.0,True,False,False,2164932.5,32750.0
4530,2022-07-05 09:45:00+05:30,1.2,1.2,1.15,1.2,179300,1882550,56.35,33.33333333333333,NIFTY2270716600CE,CE,16600.0,2022-07-07,50,NIFTY,78192.5,1.177,1903205.0,2.29,True,False,True,True,True,False,False,False,False,0.0,1882550.0,2022-07-05,1,179300,3008150,3008150,1.0,0.0,True,False,False,2211996.2499999995,0.0
4531,2022-07-05 09:46:00+05:30,1.15,1.2,1.15,1.15,43550,1882550,50.11,14.28571428571425,NIFTY2270716600CE,CE,16600.0,2022-07-07,50,NIFTY,79492.5,1.173,1902990.0,0.55,True,False,True,False,True,False,False,False,False,0.0,1882550.0,2022-07-05,1,43550,3051700,3051700,1.0,0.0,True,False,False,2211996.2499999995,0.0
4532,2022-07-05 09:47:00+05:30,1.15,1.2,1.15,1.15,31800,2001550,50.11,33.33333333333333,NIFTY2270716600CE,CE,16600.0,2022-07-07,50,NIFTY,74175.0,1.17,1908725.0,0.43,False,False,False,False,True,False,False,False,False,119000.0,2001550.0,2022-07-05,1,31800,3083500,3083500,1.0,0.0,True,False,False,2351821.2499999995,119000.0
4533,2022-07-05 09:48:00+05:30,1.15,1.2,1.1,1.2,264950,2001550,55.79,33.33333333333333,NIFTY2270716600CE,CE,16600.0,2022-07-07,50,NIFTY,86285.0,1.167,1914460.0,3.07,False,False,True,True,True,False,False,True,True,0.0,2001550.0,2022-07-05,1,264950,3348450,3348450,1.0,0.0,True,False,False,2301782.5,0.0
4534,2022-07-05 09:49:00+05:30,1.2,1.25,1.15,1.2,96250,2001550,55.79,20.000000000000036,NIFTY2270716600CE,CE,16600.0,2022-07-07,50,NIFTY,88437.5,1.1640000000000001,1919030.0,1.09,False,False,True,True,True,False,False,False,False,0.0,2001550.0,2022-07-05,1,96250,3444700,3444700,1.0,0.0,True,False,False,2401860.0,0.0
4535,2022-07-05 09:50:00+05:30,1.25,1.25,1.15,1.15,120300,1963850,49.28,19.99999999999993,NIFTY2270716600CE,CE,16600.0,2022-07-07,50,NIFTY,92665.0,1.162,1921715.0,1.3,False,True,True,False,True,False,False,False,False,-37700.0,1963850.0,2022-07-05,1,120300,3565000,3565000,1.0,0.0,True,False,False,2356620.0,37700.0
4536,2022-07-05 09:51:00+05:30,1.15,1.35,1.15,1.3,218500,1963850,63.16,33.33333333333333,NIFTY2270716600CE,CE,16600.0,2022-07-07,50,NIFTY,102797.5,1.163,1924400.0,2.13,False,False,True,True,True,False,False,True,True,0.0,1963850.0,2022-07-05,1,218500,3783500,3783500,1.0,0.0,True,False,False,2454812.5,0.0
4537,2022-07-05 09:52:00+05:30,1.3,1.35,1.25,1.3,348100,1963850,63.16,33.33333333333333,NIFTY2270716600CE,CE,16600.0,2022-07-07,50,NIFTY,119500.0,1.165,1926605.0,2.91,False,False,True,True,True,False,False,False,False,0.0,1963850.0,2022-07-05,1,348100,4131600,4131600,1.0,0.0,True,False,False,2553005.0,0.0
4538,2022-07-05 09:53:00+05:30,1.35,1.35,1.2,1.2,216200,1842600,52.13,0.0,NIFTY2270716600CE,CE,16600.0,2022-07-07,50,NIFTY,128705.0,1.165,1922747.5,1.68,True,True,True,True,True,False,False,False,False,-121250.0,1842600.0,2022-07-05,1,216200,4347800,4347800,1.0,0.0,True,False,False,2349315.0,121250.0
4539,2022-07-05 09:54:00+05:30,1.2,1.25,1.2,1.25,42250,1842600,56.25,25.0,NIFTY2270716600CE,CE,16600.0,2022-07-07,50,NIFTY,126445.0,1.166,1918890.0,0.33,True,False,False,True,True,False,False,True,True,0.0,1842600.0,2022-07-05,1,42250,4390050,4390050,1.0,0.0,True,False,False,2257185.0,0.0
4540,2022-07-05 09:55:00+05:30,1.25,1.25,1.15,1.25,266000,1842600,56.25,25.0,NIFTY2270716600CE,CE,16600.0,2022-07-07,50,NIFTY,138720.0,1.167,1915977.5,1.92,True,False,True,True,True,False,False,False,False,0.0,1842600.0,2022-07-05,1,266000,4656050,4656050,1.0,0.0,True,False,False,2211120.0,0.0
4541,2022-07-05 09:56:00+05:30,1.25,1.3,1.2,1.25,103300,1740200,56.25,14.285714285714285,NIFTY2270716600CE,CE,16600.0,2022-07-07,50,NIFTY,143097.5,1.167,1907945.0,0.72,True,True,True,True,True,False,False,False,False,-102400.0,1740200.0,2022-07-05,1,103300,4759350,4759350,1.0,0.0,True,False,False,2175250.0,102400.0
4542,2022-07-05 09:57:00+05:30,1.25,1.3,1.25,1.25,148300,1740200,56.25,14.285714285714285,NIFTY2270716600CE,CE,16600.0,2022-07-07,50,NIFTY,149825.0,1.167,1899912.5,0.99,True,False,True,True,True,False,False,False,False,0.0,1740200.0,2022-07-05,1,148300,4907650,4907650,1.0,0.0,True,False,False,2218755.0,0.0
4543,2022-07-05 09:58:00+05:30,1.25,1.3,1.25,1.3,32750,1740200,60.78,42.857142857142854,NIFTY2270716600CE,CE,16600.0,2022-07-07,50,NIFTY,150727.5,1.169,1891917.5,0.22,True,False,True,True,True,False,False,True,True,0.0,1740200.0,2022-07-05,1,32750,4940400,4940400,1.0,0.0,True,False,False,2218755.0,0.0
4544,2022-07-05 09:59:00+05:30,1.25,1.3,1.25,1.25,47250,1730900,54.68,-20.0,NIFTY2270716600CE,CE,16600.0,2022-07-07,50,NIFTY,152915.0,1.171,1883457.5,0.31,True,True,True,True,True,False,False,False,False,-9300.0,1730900.0,2022-07-05,1,47250,4987650,4987650,1.0,0.0,True,False,False,2206897.5,9300.0
4545,2022-07-05 10:00:00+05:30,1.3,1.3,1.25,1.3,95300,1730900,59.1,0.0,NIFTY2270716600CE,CE,16600.0,2022-07-07,50,NIFTY,149507.5,1.1740000000000002,1874997.5,0.64,True,False,False,True,True,False,False,True,False,0.0,1730900.0,2022-07-05,1,95300,5082950,5082950,1.0,0.0,True,False,False,2206897.5,0.0
4546,2022-07-05 10:01:00+05:30,1.3,1.35,1.25,1.35,228200,1730900,62.99,60.0,NIFTY2270716600CE,CE,16600.0,2022-07-07,50,NIFTY,158385.0,1.178,1865777.5,1.44,True,False,True,True,True,False,True,True,True,0.0,1730900.0,2022-07-05,1,228200,5311150,5311150,1.0,0.0,True,False,False,2250170.0,0.0
4547,2022-07-05 10:02:00+05:30,1.35,1.4,1.3,1.35,164250,1726900,62.99,50.0,NIFTY2270716600CE,CE,16600.0,2022-07-07,50,NIFTY,156787.5,1.181,1856357.5,1.05,True,True,False,True,True,False,True,False,False,-4000.0,1726900.0,2022-07-05,1,164250,5475400,5475400,1.0,0.0,True,False,False,2331315.0,4000.0
4548,2022-07-05 10:03:00+05:30,1.35,1.35,1.3,1.3,139650,1726900,56.73,20.0,NIFTY2270716600CE,CE,16600.0,2022-07-07,50,NIFTY,154057.5,1.1840000000000002,1846937.5,0.91,True,False,False,True,True,False,False,False,False,0.0,1726900.0,2022-07-05,1,139650,5615050,5615050,1.0,0.0,True,False,False,2288142.5000000005,0.0
4549,2022-07-05 10:04:00+05:30,1.3,1.4,1.3,1.4,140600,1726900,64.36,42.85714285714282,NIFTY2270716600CE,CE,16600.0,2022-07-07,50,NIFTY,146340.0,1.1889999999999998,1839155.0,0.96,True,False,False,True,True,False,False,True,True,0.0,1726900.0,2022-07-05,1,140600,5755650,5755650,1.0,0.0,True,False,False,2331315.0,0.0
4550,2022-07-05 10:05:00+05:30,1.35,1.45,1.35,1.45,105250,1708050,67.45,49.99999999999997,NIFTY2270716600CE,CE,16600.0,2022-07-07,50,NIFTY,142637.5,1.193,1830430.0,0.74,True,True,False,True,True,False,False,True,True,-18850.0,1708050.0,2022-07-05,1,105250,5860900,5860900,1.0,0.0,True,False,False,2391270.0,18850.0
4551,2022-07-05 10:06:00+05:30,1.45,1.45,1.35,1.4,127100,1708050,61.69,24.999999999999957,NIFTY2270716600CE,CE,16600.0,2022-07-07,50,NIFTY,146815.0,1.196,1821705.0,0.87,True,False,True,True,True,False,False,False,False,0.0,1708050.0,2022-07-05,1,127100,5988000,5988000,1.0,0.0,True,False,False,2391270.0,0.0
4552,2022-07-05 10:07:00+05:30,1.4,1.4,1.3,1.35,108400,1708050,56.5,25.00000000000003,NIFTY2270716600CE,CE,16600.0,2022-07-07,50,NIFTY,150645.0,1.199,1807030.0,0.72,True,False,True,True,True,False,False,False,False,0.0,1708050.0,2022-07-05,1,108400,6096400,6096400,1.0,0.0,True,False,False,2305867.5,0.0
4553,2022-07-05 10:08:00+05:30,1.35,1.35,1.3,1.3,92450,1706900,51.8,0.0,NIFTY2270716600CE,CE,16600.0,2022-07-07,50,NIFTY,142020.0,1.2009999999999998,1792297.5,0.65,True,True,False,True,True,False,False,False,False,-1150.0,1706900.0,2022-07-05,1,92450,6188850,6188850,1.0,0.0,True,False,False,2261642.5000000005,1150.0
4554,2022-07-05 10:09:00+05:30,1.3,1.35,1.3,1.35,56400,1706900,55.76,0.0,NIFTY2270716600CE,CE,16600.0,2022-07-07,50,NIFTY,140027.5,1.204,1777565.0,0.4,True,False,False,True,True,False,False,True,True,0.0,1706900.0,2022-07-05,1,56400,6245250,6245250,1.0,0.0,True,False,False,2261642.5000000005,0.0
4555,2022-07-05 10:10:00+05:30,1.3,1.35,1.25,1.25,82600,1706900,47.37,-20.000000000000018,NIFTY2270716600CE,CE,16600.0,2022-07-07,50,NIFTY,138142.5,1.204,1764717.5,0.6,True,False,False,True,True,False,False,False,False,0.0,1706900.0,2022-07-05,1,82600,6327850,6327850,1.0,0.0,True,False,False,2218970.0,0.0
4556,2022-07-05 10:11:00+05:30,1.25,1.35,1.2,1.3,102150,1716400,51.32,0.0,NIFTY2270716600CE,CE,16600.0,2022-07-07,50,NIFTY,132325.0,1.2069999999999999,1752345.0,0.77,True,False,False,True,True,False,False,True,True,9500.0,1716400.0,2022-07-05,1,102150,6430000,6430000,1.0,0.0,True,False,False,2188410.0,9500.0
4557,2022-07-05 10:12:00+05:30,1.3,1.35,1.3,1.3,23950,1716400,51.32,-24.999999999999957,NIFTY2270716600CE,CE,16600.0,2022-07-07,50,NIFTY,116117.5,1.211,1739972.5,0.21,True,False,False,True,True,False,False,False,False,0.0,1716400.0,2022-07-05,1,23950,6453950,6453950,1.0,0.0,True,False,False,2274230.0000000005,0.0
4558,2022-07-05 10:13:00+05:30,1.3,1.4,1.3,1.4,47450,1716400,58.52,-11.111111111111121,NIFTY2270716600CE,CE,16600.0,2022-07-07,50,NIFTY,107680.0,1.216,1733662.5,0.44,True,False,False,True,True,False,False,True,True,0.0,1716400.0,2022-07-05,1,47450,6501400,6501400,1.0,0.0,True,False,False,2317140.0,0.0
4559,2022-07-05 10:14:00+05:30,1.4,1.45,1.35,1.4,72350,1732950,58.52,0.0,NIFTY2270716600CE,CE,16600.0,2022-07-07,50,NIFTY,109185.0,1.2209999999999999,1728180.0,0.66,False,False,True,True,True,False,False,False,False,16550.0,1732950.0,2022-07-05,1,72350,6573750,6573750,1.0,0.0,True,False,False,2426130.0,16550.0
4560,2022-07-05 10:15:00+05:30,1.4,1.45,1.35,1.35,82050,1732950,53.9,0.0,NIFTY2270716600CE,CE,16600.0,2022-07-07,50,NIFTY,99987.5,1.225,1722697.5,0.82,False,False,False,True,True,False,False,False,False,0.0,1732950.0,2022-07-05,1,82050,6655800,6655800,1.0,0.0,True,False,False,2426130.0,0.0
4561,2022-07-05 10:16:00+05:30,1.35,1.45,1.35,1.45,14550,1732950,60.6,33.33333333333333,NIFTY2270716600CE,CE,16600.0,2022-07-07,50,NIFTY,95550.0,1.231,1722335.0,0.15,False,False,False,True,True,False,False,True,True,0.0,1732950.0,2022-07-05,1,14550,6670350,6670350,1.0,0.0,True,False,False,2426130.0,0.0
4562,2022-07-05 10:17:00+05:30,1.45,1.45,1.3,1.3,143100,1725300,49.07,-9.090909090909104,NIFTY2270716600CE,CE,16600.0,2022-07-07,50,NIFTY,95290.0,1.234,1721590.0,1.5,False,True,False,True,True,False,False,False,False,-7650.0,1725300.0,2022-07-05,1,143100,6813450,6813450,1.0,0.0,True,False,False,2372287.5,7650.0
4563,2022-07-05 10:18:00+05:30,1.3,1.3,1.25,1.25,54250,1725300,45.93,0.0,NIFTY2270716600CE,CE,16600.0,2022-07-07,50,NIFTY,96365.0,1.236,1720845.0,0.56,False,False,True,True,True,False,False,False,False,0.0,1725300.0,2022-07-05,1,54250,6867700,6867700,1.0,0.0,True,False,False,2199757.5,0.0
4564,2022-07-05 10:19:00+05:30,1.25,1.3,1.25,1.3,22950,1725300,49.42,0.0,NIFTY2270716600CE,CE,16600.0,2022-07-07,50,NIFTY,95150.0,1.24,1720565.0,0.24,False,False,False,True,True,False,False,True,True,0.0,1725300.0,2022-07-05,1,22950,6890650,6890650,1.0,0.0,True,False,False,2199757.5,0.0
4565,2022-07-05 10:20:00+05:30,1.3,1.3,1.25,1.25,24650,1774100,46.21,-9.090909090909104,NIFTY2270716600CE,CE,16600.0,2022-07-07,50,NIFTY,91617.5,1.2429999999999999,1722725.0,0.27,False,False,False,True,True,False,False,False,False,48800.0,1774100.0,2022-07-05,1,24650,6915300,6915300,1.0,0.0,True,False,False,2261977.5,48800.0
4566,2022-07-05 10:21:00+05:30,1.25,1.35,1.25,1.35,62200,1774100,52.81,-9.090909090909062,NIFTY2270716600CE,CE,16600.0,2022-07-07,50,NIFTY,83317.5,1.247,1724885.0,0.75,False,False,False,True,True,False,False,True,True,0.0,1774100.0,2022-07-05,1,62200,6977500,6977500,1.0,0.0,True,False,False,2306330.0,0.0
4567,2022-07-05 10:22:00+05:30,1.35,1.35,1.3,1.3,6200,1774100,49.54,-16.66666666666665,NIFTY2270716600CE,CE,16600.0,2022-07-07,50,NIFTY,75415.0,1.2500000000000002,1727245.0,0.08,False,False,False,True,True,False,False,False,False,0.0,1774100.0,2022-07-05,1,6200,6983700,6983700,1.0,0.0,True,False,False,2350682.5000000005,0.0
4568,2022-07-05 10:23:00+05:30,1.3,1.35,1.3,1.35,12800,1792150,52.69,0.0,NIFTY2270716600CE,CE,16600.0,2022-07-07,50,NIFTY,69072.5,1.255,1730507.5,0.19,False,False,False,True,True,False,False,True,True,18050.0,1792150.0,2022-07-05,1,12800,6996500,6996500,1.0,0.0,True,False,False,2374598.7500000005,18050.0
4569,2022-07-05 10:24:00+05:30,1.35,1.35,1.3,1.35,28700,1792150,52.69,-19.999999999999964,NIFTY2270716600CE,CE,16600.0,2022-07-07,50,NIFTY,63477.5,1.261,1733770.0,0.45,False,False,False,True,True,False,False,False,False,0.0,1792150.0,2022-07-05,1,28700,7025200,7025200,1.0,0.0,True,False,False,2374598.7500000005,0.0
4570,2022-07-05 10:25:00+05:30,1.35,1.35,1.3,1.35,17450,1792150,52.69,14.285714285714285,NIFTY2270716600CE,CE,16600.0,2022-07-07,50,NIFTY,59087.5,1.266,1737975.0,0.3,False,False,False,True,True,False,False,False,False,0.0,1792150.0,2022-07-05,1,17450,7042650,7042650,1.0,0.0,True,False,False,2374598.7500000005,0.0
4571,2022-07-05 10:26:00+05:30,1.35,1.4,1.3,1.4,87250,1783050,56.12,42.85714285714282,NIFTY2270716600CE,CE,16600.0,2022-07-07,50,NIFTY,57095.0,1.272,1741725.0,1.53,False,True,False,True,True,False,False,True,True,-9100.0,1783050.0,2022-07-05,1,87250,7129900,7129900,1.0,0.0,True,False,False,2407117.5,9100.0
4572,2022-07-05 10:27:00+05:30,1.4,1.4,1.35,1.35,11100,1783050,52.06,14.285714285714304,NIFTY2270716600CE,CE,16600.0,2022-07-07,50,NIFTY,52230.0,1.2770000000000001,1745475.0,0.21,False,False,False,True,True,False,False,False,False,0.0,1783050.0,2022-07-05,1,11100,7141000,7141000,1.0,0.0,True,False,False,2451693.75,0.0
4573,2022-07-05 10:28:00+05:30,1.35,1.4,1.35,1.35,15550,1783050,52.06,33.33333333333338,NIFTY2270716600CE,CE,16600.0,2022-07-07,50,NIFTY,48385.0,1.2819999999999998,1749282.5,0.32,False,False,False,True,True,False,False,False,False,0.0,1783050.0,2022-07-05,1,15550,7156550,7156550,1.0,0.0,True,False,False,2451693.75,0.0
4574,2022-07-05 10:29:00+05:30,1.35,1.4,1.35,1.35,63800,1776250,52.06,0.0,NIFTY2270716600CE,CE,16600.0,2022-07-07,50,NIFTY,48755.0,1.288,1752750.0,1.31,False,True,True,True,True,False,False,False,False,-6800.0,1776250.0,2022-07-05,1,63800,7220350,7220350,1.0,0.0,True,False,False,2442343.75,6800.0
4575,2022-07-05 10:30:00+05:30,1.35,1.4,1.3,1.35,104700,1776250,52.06,33.33333333333343,NIFTY2270716600CE,CE,16600.0,2022-07-07,50,NIFTY,49860.0,1.2930000000000001,1756217.5,2.1,False,False,True,True,True,False,False,False,False,0.0,1776250.0,2022-07-05,1,104700,7325050,7325050,1.0,0.0,True,False,False,2397937.5,0.0
4576,2022-07-05 10:31:00+05:30,1.4,1.4,1.35,1.4,9150,1776250,56.31,33.33333333333333,NIFTY2270716600CE,CE,16600.0,2022-07-07,50,NIFTY,45210.0,1.298,1759210.0,0.2,False,False,False,True,True,False,False,True,False,0.0,1776250.0,2022-07-05,1,9150,7334200,7334200,1.0,0.0,True,False,False,2442343.75,0.0
4577,2022-07-05 10:32:00+05:30,1.4,1.4,1.35,1.35,16200,1779700,51.4,0.0,NIFTY2270716600CE,CE,16600.0,2022-07-07,50,NIFTY,44822.5,1.3030000000000002,1762375.0,0.36,False,False,False,True,True,False,False,False,False,3450.0,1779700.0,2022-07-05,1,16200,7350400,7350400,1.0,0.0,True,False,False,2447087.5,3450.0
4578,2022-07-05 10:33:00+05:30,1.35,1.4,1.35,1.35,23550,1779700,51.4,0.0,NIFTY2270716600CE,CE,16600.0,2022-07-07,50,NIFTY,43627.5,1.306,1765540.0,0.54,False,False,False,True,True,False,False,False,False,0.0,1779700.0,2022-07-05,1,23550,7373950,7373950,1.0,0.0,True,False,False,2447087.5,0.0
4579,2022-07-05 10:34:00+05:30,1.4,1.4,1.35,1.35,19350,1779700,51.4,-33.33333333333333,NIFTY2270716600CE,CE,16600.0,2022-07-07,50,NIFTY,40977.5,1.3090000000000002,1767877.5,0.47,False,False,False,True,True,False,False,False,False,0.0,1779700.0,2022-07-05,1,19350,7393300,7393300,1.0,0.0,True,False,False,2447087.5,0.0
4580,2022-07-05 10:35:00+05:30,1.35,1.4,1.35,1.35,27450,1765250,51.4,0.0,NIFTY2270716600CE,CE,16600.0,2022-07-07,50,NIFTY,38247.5,1.3120000000000003,1769492.5,0.72,True,True,False,True,True,False,False,False,False,-14450.0,1765250.0,2022-07-05,1,27450,7420750,7420750,1.0,0.0,True,False,False,2427218.75,14450.0
4581,2022-07-05 10:36:00+05:30,1.35,1.45,1.35,1.45,121000,1765250,60.63,50.00000000000006,NIFTY2270716600CE,CE,16600.0,2022-07-07,50,NIFTY,43570.0,1.318,1771107.5,2.78,True,False,True,True,True,False,True,True,True,0.0,1765250.0,2022-07-05,1,121000,7541750,7541750,1.0,0.0,True,False,False,2471350.0,0.0
4582,2022-07-05 10:37:00+05:30,1.45,1.45,1.4,1.4,101250,1765250,55.01,19.999999999999964,NIFTY2270716600CE,CE,16600.0,2022-07-07,50,NIFTY,41477.5,1.3229999999999997,1773105.0,2.44,True,False,False,True,True,False,False,False,False,0.0,1765250.0,2022-07-05,1,101250,7643000,7643000,1.0,0.0,True,False,False,2515481.2499999995,0.0
4583,2022-07-05 10:38:00+05:30,1.4,1.45,1.4,1.4,15550,1788800,55.01,19.999999999999964,NIFTY2270716600CE,CE,16600.0,2022-07-07,50,NIFTY,39542.5,1.3270000000000002,1776280.0,0.39,False,False,False,True,True,False,False,False,False,23550.0,1788800.0,2022-07-05,1,15550,7658550,7658550,1.0,0.0,True,False,False,2549039.9999999995,23550.0
4584,2022-07-05 10:39:00+05:30,1.4,1.45,1.35,1.4,33500,1788800,55.01,0.0,NIFTY2270716600CE,CE,16600.0,2022-07-07,50,NIFTY,40070.0,1.3310000000000002,1779455.0,0.84,False,False,True,True,True,False,False,False,False,0.0,1788800.0,2022-07-05,1,33500,7692050,7692050,1.0,0.0,True,False,False,2504320.0,0.0
4585,2022-07-05 10:40:00+05:30,1.4,1.45,1.35,1.45,32200,1788800,59.68,49.99999999999994,NIFTY2270716600CE,CE,16600.0,2022-07-07,50,NIFTY,40447.5,1.337,1780190.0,0.8,False,False,True,True,True,False,False,True,True,0.0,1788800.0,2022-07-05,1,32200,7724250,7724250,1.0,0.0,True,False,False,2504320.0,0.0
4586,2022-07-05 10:41:00+05:30,1.4,1.5,1.4,1.5,86150,1823500,63.74,59.999999999999964,NIFTY2270716600CE,CE,16600.0,2022-07-07,50,NIFTY,41645.0,1.341,1782660.0,2.07,False,False,True,True,True,False,True,True,True,34700.0,1823500.0,2022-07-05,1,86150,7810400,7810400,1.0,0.0,True,False,False,2644075.0,34700.0
4587,2022-07-05 10:42:00+05:30,1.5,1.5,1.4,1.5,122000,1823500,63.74,59.999999999999964,NIFTY2270716600CE,CE,16600.0,2022-07-07,50,NIFTY,47435.0,1.345,1785130.0,2.57,False,False,True,True,True,False,True,False,False,0.0,1823500.0,2022-07-05,1,122000,7932400,7932400,1.0,0.0,True,False,False,2644075.0,0.0
4588,2022-07-05 10:43:00+05:30,1.5,1.5,1.45,1.5,48550,1823500,63.74,59.999999999999964,NIFTY2270716600CE,CE,16600.0,2022-07-07,50,NIFTY,49222.5,1.351,1786697.5,0.99,False,False,True,True,True,False,True,False,False,0.0,1823500.0,2022-07-05,1,48550,7980950,7980950,1.0,0.0,True,False,False,2689662.5,0.0
4589,2022-07-05 10:44:00+05:30,1.5,1.55,1.45,1.5,57850,1836350,63.74,33.33333333333333,NIFTY2270716600CE,CE,16600.0,2022-07-07,50,NIFTY,50680.0,1.3559999999999999,1788907.5,1.14,False,False,True,True,True,False,False,False,False,12850.0,1836350.0,2022-07-05,1,57850,8038800,8038800,1.0,0.0,True,False,False,2754525.0,12850.0
4590,2022-07-05 10:45:00+05:30,1.5,1.5,1.45,1.5,85150,1836350,63.74,100.0,NIFTY2270716600CE,CE,16600.0,2022-07-07,50,NIFTY,54065.0,1.361,1791117.5,1.57,False,False,True,True,True,False,True,False,False,0.0,1836350.0,2022-07-05,1,85150,8123950,8123950,1.0,0.0,True,False,False,2708616.25,0.0
4591,2022-07-05 10:46:00+05:30,1.5,1.55,1.45,1.5,177500,1836350,63.74,100.0,NIFTY2270716600CE,CE,16600.0,2022-07-07,50,NIFTY,58577.5,1.3659999999999999,1793782.5,3.03,False,False,True,True,True,False,True,False,False,0.0,1836350.0,2022-07-05,1,177500,8301450,8301450,1.0,0.0,True,False,False,2754525.0,0.0
4592,2022-07-05 10:47:00+05:30,1.5,1.55,1.45,1.55,76100,1878150,68.66,100.0,NIFTY2270716600CE,CE,16600.0,2022-07-07,50,NIFTY,61827.5,1.372,1798537.5,1.23,False,False,True,True,True,False,True,True,True,41800.0,1878150.0,2022-07-05,1,76100,8377550,8377550,1.0,0.0,True,False,False,2817225.0,41800.0
4593,2022-07-05 10:48:00+05:30,1.5,1.55,1.5,1.5,13350,1878150,59.9,33.33333333333333,NIFTY2270716600CE,CE,16600.0,2022-07-07,50,NIFTY,61717.5,1.3760000000000003,1803292.5,0.22,False,False,False,True,True,False,False,False,False,0.0,1878150.0,2022-07-05,1,13350,8390900,8390900,1.0,0.0,True,False,False,2864178.75,0.0
4594,2022-07-05 10:49:00+05:30,1.5,1.55,1.45,1.45,161350,1878150,52.67,-33.33333333333333,NIFTY2270716600CE,CE,16600.0,2022-07-07,50,NIFTY,66595.0,1.38,1808387.5,2.42,False,False,True,True,True,False,False,False,False,0.0,1878150.0,2022-07-05,1,161350,8552250,8552250,1.0,0.0,True,False,False,2817225.0,0.0
4595,2022-07-05 10:50:00+05:30,1.5,1.5,1.45,1.45,91150,1915700,52.67,-33.33333333333333,NIFTY2270716600CE,CE,16600.0,2022-07-07,50,NIFTY,65917.5,1.383,1815360.0,1.38,False,False,False,True,True,False,False,False,False,37550.0,1915700.0,2022-07-05,1,91150,8643400,8643400,1.0,0.0,True,False,False,2825657.5,37550.0
4596,2022-07-05 10:51:00+05:30,1.45,1.5,1.4,1.45,91800,1915700,52.67,-33.33333333333333,NIFTY2270716600CE,CE,16600.0,2022-07-07,50,NIFTY,70050.0,1.385,1822332.5,1.31,False,False,True,True,True,False,False,False,False,0.0,1915700.0,2022-07-05,1,91800,8735200,8735200,1.0,0.0,True,False,False,2777765.0,0.0
4597,2022-07-05 10:52:00+05:30,1.45,1.55,1.45,1.55,119100,1915700,63.64,20.0,NIFTY2270716600CE,CE,16600.0,2022-07-07,50,NIFTY,75195.0,1.389,1829132.5,1.58,False,False,True,True,True,False,False,True,True,0.0,1915700.0,2022-07-05,1,119100,8854300,8854300,1.0,0.0,True,False,False,2873550.0,0.0
4598,2022-07-05 10:53:00+05:30,1.55,1.55,1.5,1.5,16950,1959900,56.58,0.0,NIFTY2270716600CE,CE,16600.0,2022-07-07,50,NIFTY,74865.0,1.393,1838142.5,0.23,False,False,False,True,True,False,False,False,False,44200.0,1959900.0,2022-07-05,1,16950,8871250,8871250,1.0,0.0,True,False,False,2988847.5,44200.0
4599,2022-07-05 10:54:00+05:30,1.5,1.55,1.5,1.5,11350,1959900,56.58,0.0,NIFTY2270716600CE,CE,16600.0,2022-07-07,50,NIFTY,74465.0,1.395,1847152.5,0.15,False,False,False,True,True,False,False,False,False,0.0,1959900.0,2022-07-05,1,11350,8882600,8882600,1.0,0.0,True,False,False,2988847.5,0.0
4600,2022-07-05 10:55:00+05:30,1.5,1.55,1.5,1.55,26450,1959900,61.53,0.0,NIFTY2270716600CE,CE,16600.0,2022-07-07,50,NIFTY,74415.0,1.3969999999999998,1856885.0,0.36,False,False,False,True,True,False,False,True,True,0.0,1959900.0,2022-07-05,1,26450,8909050,8909050,1.0,0.0,True,False,False,2988847.5,0.0
4601,2022-07-05 10:56:00+05:30,1.55,1.55,1.5,1.5,14100,1963150,54.8,0.0,NIFTY2270716600CE,CE,16600.0,2022-07-07,50,NIFTY,69070.0,1.399,1866780.0,0.2,False,False,False,True,True,False,False,False,False,3250.0,1963150.0,2022-07-05,1,14100,8923150,8923150,1.0,0.0,True,False,False,2993803.75,3250.0
4602,2022-07-05 10:57:00+05:30,1.5,1.55,1.5,1.55,3450,1963150,59.56,33.33333333333333,NIFTY2270716600CE,CE,16600.0,2022-07-07,50,NIFTY,64180.0,1.403,1876675.0,0.05,False,False,False,True,True,False,False,True,True,0.0,1963150.0,2022-07-05,1,3450,8926600,8926600,1.0,0.0,True,False,False,2993803.75,0.0
4603,2022-07-05 10:58:00+05:30,1.55,1.55,1.5,1.55,40400,1963150,59.56,33.33333333333333,NIFTY2270716600CE,CE,16600.0,2022-07-07,50,NIFTY,65422.5,1.4080000000000001,1885392.5,0.62,False,False,True,True,True,False,False,False,False,0.0,1963150.0,2022-07-05,1,40400,8967000,8967000,1.0,0.0,True,False,False,2993803.75,0.0
4604,2022-07-05 10:59:00+05:30,1.55,1.6,1.5,1.55,84150,2010700,59.56,33.33333333333333,NIFTY2270716600CE,CE,16600.0,2022-07-07,50,NIFTY,67955.0,1.4120000000000001,1896487.5,1.24,False,False,True,True,True,False,False,False,False,47550.0,2010700.0,2022-07-05,1,84150,9051150,9051150,1.0,0.0,True,False,False,3116585.0,47550.0
4605,2022-07-05 11:00:00+05:30,1.6,1.6,1.5,1.55,62400,2010700,59.56,0.0,NIFTY2270716600CE,CE,16600.0,2022-07-07,50,NIFTY,69465.0,1.4180000000000001,1907582.5,0.9,False,False,True,True,True,False,False,False,False,0.0,2010700.0,2022-07-05,1,62400,9113550,9113550,1.0,0.0,True,False,False,3116585.0,0.0
4606,2022-07-05 11:01:00+05:30,1.5,1.55,1.5,1.55,9350,2010700,59.56,33.33333333333333,NIFTY2270716600CE,CE,16600.0,2022-07-07,50,NIFTY,65625.0,1.4229999999999998,1916942.5,0.14,False,False,False,True,True,False,False,False,True,0.0,2010700.0,2022-07-05,1,9350,9122900,9122900,1.0,0.0,True,False,False,3066317.5,0.0
4607,2022-07-05 11:02:00+05:30,1.55,1.55,1.5,1.55,11500,2009000,59.56,33.33333333333333,NIFTY2270716600CE,CE,16600.0,2022-07-07,50,NIFTY,60100.0,1.4280000000000002,1926217.5,0.19,False,True,False,True,True,False,False,False,False,-1700.0,2009000.0,2022-07-05,1,11500,9134400,9134400,1.0,0.0,True,False,False,3063725.0,1700.0
4608,2022-07-05 11:03:00+05:30,1.55,1.55,1.5,1.55,16950,2009000,59.56,0.0,NIFTY2270716600CE,CE,16600.0,2022-07-07,50,NIFTY,58520.0,1.4310000000000003,1935492.5,0.29,False,False,False,True,True,False,False,False,False,0.0,2009000.0,2022-07-05,1,16950,9151350,9151350,1.0,0.0,True,False,False,3063725.0,0.0
4609,2022-07-05 11:04:00+05:30,1.55,1.55,1.45,1.45,43400,2009000,43.99,-33.33333333333333,NIFTY2270716600CE,CE,16600.0,2022-07-07,50,NIFTY,57797.5,1.4320000000000002,1944125.0,0.75,False,False,False,True,True,False,False,False,False,0.0,2009000.0,2022-07-05,1,43400,9194750,9194750,1.0,0.0,True,False,False,3013500.0,0.0
4610,2022-07-05 11:05:00+05:30,1.45,1.55,1.45,1.55,78150,2013900,56.3,0.0,NIFTY2270716600CE,CE,16600.0,2022-07-07,50,NIFTY,57447.5,1.4360000000000002,1953002.5,1.36,False,False,False,True,True,False,False,True,True,4900.0,2013900.0,2022-07-05,1,78150,9272900,9272900,1.0,0.0,True,False,False,3020850.0,4900.0
4611,2022-07-05 11:06:00+05:30,1.55,1.55,1.5,1.55,4150,2013900,56.3,0.0,NIFTY2270716600CE,CE,16600.0,2022-07-07,50,NIFTY,48780.0,1.4380000000000002,1961880.0,0.09,False,False,False,True,True,False,False,False,False,0.0,2013900.0,2022-07-05,1,4150,9277050,9277050,1.0,0.0,True,False,False,3071197.5,0.0
4612,2022-07-05 11:07:00+05:30,1.55,1.55,1.5,1.55,60900,2013900,56.3,0.0,NIFTY2270716600CE,CE,16600.0,2022-07-07,50,NIFTY,48020.0,1.443,1968667.5,1.27,False,False,False,True,True,False,False,False,False,0.0,2013900.0,2022-07-05,1,60900,9337950,9337950,1.0,0.0,True,False,False,3071197.5,0.0
4613,2022-07-05 11:08:00+05:30,1.55,1.6,1.55,1.6,55350,2043000,61.57,20.0,NIFTY2270716600CE,CE,16600.0,2022-07-07,50,NIFTY,50120.0,1.4500000000000002,1976910.0,1.1,False,False,True,True,True,False,False,True,True,29100.0,2043000.0,2022-07-05,1,55350,9393300,9393300,1.0,0.0,True,False,False,3217725.0000000005,29100.0
4614,2022-07-05 11:09:00+05:30,1.55,1.6,1.5,1.55,33000,2043000,54.49,0.0,NIFTY2270716600CE,CE,16600.0,2022-07-07,50,NIFTY,43702.5,1.455,1985152.5,0.76,False,False,False,True,True,False,False,False,False,0.0,2043000.0,2022-07-05,1,33000,9426300,9426300,1.0,0.0,True,False,False,3166650.0,0.0
4615,2022-07-05 11:10:00+05:30,1.55,1.55,1.5,1.55,19100,2043000,54.49,0.0,NIFTY2270716600CE,CE,16600.0,2022-07-07,50,NIFTY,40100.0,1.4609999999999999,1991517.5,0.48,False,False,False,True,True,False,False,False,False,0.0,2043000.0,2022-07-05,1,19100,9445400,9445400,1.0,0.0,True,False,False,3115575.0,0.0
4616,2022-07-05 11:11:00+05:30,1.55,1.55,1.5,1.55,74850,2042000,54.49,0.0,NIFTY2270716600CE,CE,16600.0,2022-07-07,50,NIFTY,39252.5,1.465,1997832.5,1.91,False,True,False,True,True,False,False,False,False,-1000.0,2042000.0,2022-07-05,1,74850,9520250,9520250,1.0,0.0,True,False,False,3114050.0,1000.0
4617,2022-07-05 11:12:00+05:30,1.55,1.55,1.5,1.55,10550,2042000,54.49,50.0,NIFTY2270716600CE,CE,16600.0,2022-07-07,50,NIFTY,33825.0,1.47,2004147.5,0.31,False,False,False,True,True,False,True,False,False,0.0,2042000.0,2022-07-05,1,10550,9530800,9530800,1.0,0.0,True,False,False,3114050.0,0.0
4618,2022-07-05 11:13:00+05:30,1.5,1.55,1.45,1.45,63150,2042000,41.62,-50.0,NIFTY2270716600CE,CE,16600.0,2022-07-07,50,NIFTY,36135.0,1.472,2008252.5,1.75,False,False,True,False,True,False,False,False,False,0.0,2042000.0,2022-07-05,1,63150,9593950,9593950,1.0,0.0,True,False,False,3063000.0,0.0
4619,2022-07-05 11:14:00+05:30,1.45,1.5,1.45,1.5,33800,2021200,48.21,-20.0,NIFTY2270716600CE,CE,16600.0,2022-07-07,50,NIFTY,37257.5,1.475,2011317.5,0.91,False,True,True,True,True,False,False,True,True,-20800.0,2021200.0,2022-07-05,1,33800,9627750,9627750,1.0,0.0,True,False,False,2981270.0,20800.0
4620,2022-07-05 11:15:00+05:30,1.5,1.5,1.45,1.5,20000,2021200,48.21,-20.0,NIFTY2270716600CE,CE,16600.0,2022-07-07,50,NIFTY,36935.0,1.4780000000000002,2014382.5,0.54,False,False,False,True,True,False,False,False,False,0.0,2021200.0,2022-07-05,1,20000,9647750,9647750,1.0,0.0,True,False,False,2981270.0,0.0
4621,2022-07-05 11:16:00+05:30,1.5,1.5,1.45,1.5,23700,2021200,48.21,-50.0,NIFTY2270716600CE,CE,16600.0,2022-07-07,50,NIFTY,37415.0,1.48,2017285.0,0.63,False,False,True,True,True,False,False,False,False,0.0,2021200.0,2022-07-05,1,23700,9671450,9671450,1.0,0.0,True,False,False,2981270.0,0.0
4622,2022-07-05 11:17:00+05:30,1.5,1.5,1.45,1.5,13400,2032950,48.21,-33.33333333333333,NIFTY2270716600CE,CE,16600.0,2022-07-07,50,NIFTY,37912.5,1.483,2020775.0,0.35,False,False,True,True,True,False,False,False,False,11750.0,2032950.0,2022-07-05,1,13400,9684850,9684850,1.0,0.0,True,False,False,2998601.25,11750.0
4623,2022-07-05 11:18:00+05:30,1.5,1.5,1.45,1.5,19150,2032950,48.21,-33.33333333333333,NIFTY2270716600CE,CE,16600.0,2022-07-07,50,NIFTY,36850.0,1.486,2024265.0,0.52,False,False,False,True,True,False,False,False,False,0.0,2032950.0,2022-07-05,1,19150,9704000,9704000,1.0,0.0,True,False,False,2998601.25,0.0
4624,2022-07-05 11:19:00+05:30,1.5,1.5,1.45,1.45,19300,2032950,41.43,-50.0,NIFTY2270716600CE,CE,16600.0,2022-07-07,50,NIFTY,33607.5,1.4880000000000002,2025377.5,0.57,False,False,False,False,True,False,False,False,False,0.0,2032950.0,2022-07-05,1,19300,9723300,9723300,1.0,0.0,True,False,False,2998601.25,0.0
4625,2022-07-05 11:20:00+05:30,1.45,1.5,1.45,1.5,25800,2018400,49.13,-20.0,NIFTY2270716600CE,CE,16600.0,2022-07-07,50,NIFTY,31777.5,1.4909999999999999,2025762.5,0.81,True,True,False,True,True,False,False,True,True,-14550.0,2018400.0,2022-07-05,1,25800,9749100,9749100,1.0,0.0,True,False,False,2977140.0,14550.0
4626,2022-07-05 11:21:00+05:30,1.5,1.55,1.45,1.55,46750,2018400,55.44,50.0,NIFTY2270716600CE,CE,16600.0,2022-07-07,50,NIFTY,33647.5,1.494,2026147.5,1.39,True,False,True,True,True,False,True,True,True,0.0,2018400.0,2022-07-05,1,46750,9795850,9795850,1.0,0.0,True,False,False,3027600.0,0.0
4627,2022-07-05 11:22:00+05:30,1.55,1.55,1.5,1.55,800,2018400,55.44,33.33333333333333,NIFTY2270716600CE,CE,16600.0,2022-07-07,50,NIFTY,33112.5,1.4979999999999998,2026617.5,0.02,True,False,False,True,True,False,False,False,False,0.0,2018400.0,2022-07-05,1,800,9796650,9796650,1.0,0.0,True,False,False,3078060.0,0.0
4628,2022-07-05 11:23:00+05:30,1.55,1.6,1.5,1.55,112250,2032500,55.44,33.33333333333333,NIFTY2270716600CE,CE,16600.0,2022-07-07,50,NIFTY,37877.5,1.5020000000000002,2027792.5,2.96,False,False,True,True,True,False,False,False,False,14100.0,2032500.0,2022-07-05,1,112250,9908900,9908900,1.0,0.0,True,False,False,3150375.0,14100.0
4629,2022-07-05 11:24:00+05:30,1.55,1.65,1.5,1.65,111150,2032500,65.97,59.999999999999964,NIFTY2270716600CE,CE,16600.0,2022-07-07,50,NIFTY,41265.0,1.5079999999999998,2028967.5,2.69,False,False,True,True,True,False,True,True,True,0.0,2032500.0,2022-07-05,1,111150,10020050,10020050,1.0,0.0,True,False,False,3201187.5,0.0
4630,2022-07-05 11:25:00+05:30,1.6,1.65,1.55,1.55,58750,2032500,52.58,14.285714285714304,NIFTY2270716600CE,CE,16600.0,2022-07-07,50,NIFTY,40295.0,1.5119999999999998,2029897.5,1.46,False,False,False,True,True,False,False,False,False,0.0,2032500.0,2022-07-05,1,58750,10078800,10078800,1.0,0.0,True,False,False,3252000.0,0.0
4631,2022-07-05 11:26:00+05:30,1.55,1.65,1.55,1.6,124500,2018450,57.26,25.00000000000003,NIFTY2270716600CE,CE,16600.0,2022-07-07,50,NIFTY,46312.5,1.515,2030125.0,2.69,True,True,True,True,True,False,False,True,True,-14050.0,2018450.0,2022-07-05,1,124500,10203300,10203300,1.0,0.0,True,False,False,3229520.0,14050.0
4632,2022-07-05 11:27:00+05:30,1.6,1.6,1.55,1.55,65150,2018450,51.76,25.00000000000003,NIFTY2270716600CE,CE,16600.0,2022-07-07,50,NIFTY,46525.0,1.518,2030352.5,1.4,True,False,True,True,True,False,False,False,False,0.0,2018450.0,2022-07-05,1,65150,10268450,10268450,1.0,0.0,True,False,False,3179058.7500000005,0.0
4633,2022-07-05 11:28:00+05:30,1.55,1.55,1.5,1.55,97050,2018450,51.76,14.285714285714304,NIFTY2270716600CE,CE,16600.0,2022-07-07,50,NIFTY,48610.0,1.521,2029125.0,2.0,True,False,True,True,True,False,False,False,False,0.0,2018450.0,2022-07-05,1,97050,10365500,10365500,1.0,0.0,True,False,False,3078136.25,0.0
4634,2022-07-05 11:29:00+05:30,1.55,1.6,1.55,1.6,19950,2046550,56.59,14.285714285714304,NIFTY2270716600CE,CE,16600.0,2022-07-07,50,NIFTY,47957.5,1.525,2029302.5,0.42,False,False,False,True,True,False,False,True,True,28100.0,2046550.0,2022-07-05,1,19950,10385450,10385450,1.0,0.0,True,False,False,3223316.2500000005,28100.0
4635,2022-07-05 11:30:00+05:30,1.6,1.6,1.55,1.55,14850,2046550,51.08,0.0,NIFTY2270716600CE,CE,16600.0,2022-07-07,50,NIFTY,47745.0,1.5270000000000001,2029480.0,0.31,False,False,False,True,True,False,False,False,False,0.0,2046550.0,2022-07-05,1,14850,10400300,10400300,1.0,0.0,True,False,False,3223316.2500000005,0.0
4636,2022-07-05 11:31:00+05:30,1.6,1.6,1.55,1.6,24150,2046550,55.72,11.111111111111121,NIFTY2270716600CE,CE,16600.0,2022-07-07,50,NIFTY,45210.0,1.5290000000000001,2029707.5,0.53,False,False,False,True,True,False,False,True,False,0.0,2046550.0,2022-07-05,1,24150,10424450,10424450,1.0,0.0,True,False,False,3223316.2500000005,0.0
4637,2022-07-05 11:32:00+05:30,1.55,1.6,1.55,1.6,20450,2037750,55.72,-14.285714285714231,NIFTY2270716600CE,CE,16600.0,2022-07-07,50,NIFTY,45705.0,1.5310000000000001,2029495.0,0.45,False,True,True,True,True,False,False,False,True,-8800.0,2037750.0,2022-07-05,1,20450,10444900,10444900,1.0,0.0,True,False,False,3209456.2500000005,8800.0
4638,2022-07-05 11:33:00+05:30,1.6,1.6,1.55,1.55,15350,2037750,50.2,0.0,NIFTY2270716600CE,CE,16600.0,2022-07-07,50,NIFTY,43315.0,1.5320000000000003,2029282.5,0.35,False,False,False,True,True,False,False,False,False,0.0,2037750.0,2022-07-05,1,15350,10460250,10460250,1.0,0.0,True,False,False,3209456.2500000005,0.0
4639,2022-07-05 11:34:00+05:30,1.55,1.6,1.55,1.55,4350,2037750,50.2,-20.0,NIFTY2270716600CE,CE,16600.0,2022-07-07,50,NIFTY,41842.5,1.5330000000000001,2030110.0,0.1,False,False,False,True,True,False,False,False,False,0.0,2037750.0,2022-07-05,1,4350,10464600,10464600,1.0,0.0,True,False,False,3209456.2500000005,0.0
4640,2022-07-05 11:35:00+05:30,1.6,1.6,1.55,1.55,28250,2032900,50.2,0.0,NIFTY2270716600CE,CE,16600.0,2022-07-07,50,NIFTY,42255.0,1.534,2030695.0,0.67,False,True,True,True,True,False,False,False,False,-4850.0,2032900.0,2022-07-05,1,28250,10492850,10492850,1.0,0.0,True,False,False,3201817.5000000005,4850.0
4641,2022-07-05 11:36:00+05:30,1.55,1.55,1.5,1.5,25000,2032900,44.67,-20.0,NIFTY2270716600CE,CE,16600.0,2022-07-07,50,NIFTY,42320.0,1.534,2031280.0,0.59,False,False,True,False,True,False,False,False,False,0.0,2032900.0,2022-07-05,1,25000,10517850,10517850,1.0,0.0,True,False,False,3100172.5,0.0
4642,2022-07-05 11:37:00+05:30,1.5,1.55,1.5,1.5,18600,2032900,44.67,-50.0,NIFTY2270716600CE,CE,16600.0,2022-07-07,50,NIFTY,42580.0,1.533,2031277.5,0.44,False,False,True,False,True,False,False,False,False,0.0,2032900.0,2022-07-05,1,18600,10536450,10536450,1.0,0.0,True,False,False,3100172.5,0.0
4643,2022-07-05 11:38:00+05:30,1.5,1.55,1.5,1.5,36700,2038250,44.67,-33.33333333333333,NIFTY2270716600CE,CE,16600.0,2022-07-07,50,NIFTY,43457.5,1.533,2031542.5,0.84,False,False,True,False,True,False,False,False,False,5350.0,2038250.0,2022-07-05,1,36700,10573150,10573150,1.0,0.0,True,False,False,3108331.25,5350.0
4644,2022-07-05 11:39:00+05:30,1.5,1.6,1.5,1.55,39800,2038250,51.36,-33.33333333333333,NIFTY2270716600CE,CE,16600.0,2022-07-07,50,NIFTY,44482.5,1.535,2031807.5,0.89,False,False,True,True,True,False,False,True,True,0.0,2038250.0,2022-07-05,1,39800,10612950,10612950,1.0,0.0,True,False,False,3159287.5,0.0
4645,2022-07-05 11:40:00+05:30,1.55,1.6,1.55,1.55,20250,2038250,51.36,-33.33333333333333,NIFTY2270716600CE,CE,16600.0,2022-07-07,50,NIFTY,44205.0,1.5370000000000001,2032800.0,0.46,False,False,False,True,True,False,False,False,False,0.0,2038250.0,2022-07-05,1,20250,10633200,10633200,1.0,0.0,True,False,False,3210243.7500000005,0.0
4646,2022-07-05 11:41:00+05:30,1.55,1.55,1.5,1.55,48100,2016250,51.36,0.0,NIFTY2270716600CE,CE,16600.0,2022-07-07,50,NIFTY,44272.5,1.5390000000000001,2032692.5,1.09,True,True,True,True,True,False,False,False,False,-22000.0,2016250.0,2022-07-05,1,48100,10681300,10681300,1.0,0.0,True,False,False,3074781.25,22000.0
4647,2022-07-05 11:42:00+05:30,1.55,1.6,1.55,1.6,19050,2016250,57.75,33.33333333333333,NIFTY2270716600CE,CE,16600.0,2022-07-07,50,NIFTY,45185.0,1.54,2032585.0,0.42,True,False,True,True,True,False,False,True,True,0.0,2016250.0,2022-07-05,1,19050,10700350,10700350,1.0,0.0,True,False,False,3175593.7500000005,0.0
4648,2022-07-05 11:43:00+05:30,1.6,1.6,1.55,1.55,20900,2016250,50.6,0.0,NIFTY2270716600CE,CE,16600.0,2022-07-07,50,NIFTY,40617.5,1.541,2031772.5,0.51,True,False,False,True,True,False,False,False,False,0.0,2016250.0,2022-07-05,1,20900,10721250,10721250,1.0,0.0,True,False,False,3175593.7500000005,0.0
4649,2022-07-05 11:44:00+05:30,1.55,1.6,1.55,1.55,57350,2034500,50.6,33.33333333333333,NIFTY2270716600CE,CE,16600.0,2022-07-07,50,NIFTY,37927.5,1.5420000000000003,2031872.5,1.51,False,False,False,True,True,False,False,False,False,18250.0,2034500.0,2022-07-05,1,57350,10778600,10778600,1.0,0.0,True,False,False,3204337.5000000005,18250.0
4650,2022-07-05 11:45:00+05:30,1.55,1.6,1.5,1.55,25000,2034500,50.6,33.33333333333333,NIFTY2270716600CE,CE,16600.0,2022-07-07,50,NIFTY,36240.0,1.5420000000000003,2031972.5,0.69,False,False,False,True,True,False,False,False,False,0.0,2034500.0,2022-07-05,1,25000,10803600,10803600,1.0,0.0,True,False,False,3153475.0,0.0
4651,2022-07-05 11:46:00+05:30,1.55,1.6,1.5,1.6,27500,2034500,57.21,50.0,NIFTY2270716600CE,CE,16600.0,2022-07-07,50,NIFTY,31390.0,1.544,2032775.0,0.88,False,False,False,True,True,False,True,True,True,0.0,2034500.0,2022-07-05,1,27500,10831100,10831100,1.0,0.0,True,False,False,3153475.0,0.0
4652,2022-07-05 11:47:00+05:30,1.6,1.6,1.55,1.6,16700,2045900,57.21,33.33333333333333,NIFTY2270716600CE,CE,16600.0,2022-07-07,50,NIFTY,28967.5,1.545,2034147.5,0.58,False,False,False,True,True,False,False,False,False,11400.0,2045900.0,2022-07-05,1,16700,10847800,10847800,1.0,0.0,True,False,False,3222292.5000000005,11400.0
4653,2022-07-05 11:48:00+05:30,1.6,1.6,1.5,1.55,50350,2045900,49.52,0.0,NIFTY2270716600CE,CE,16600.0,2022-07-07,50,NIFTY,26632.5,1.545,2035520.0,1.89,False,False,False,True,True,False,False,False,False,0.0,2045900.0,2022-07-05,1,50350,10898150,10898150,1.0,0.0,True,False,False,3171145.0,0.0
4654,2022-07-05 11:49:00+05:30,1.55,1.6,1.55,1.55,20850,2045900,49.52,0.0,NIFTY2270716600CE,CE,16600.0,2022-07-07,50,NIFTY,26677.5,1.545,2035487.5,0.78,False,False,True,True,True,False,False,False,False,0.0,2045900.0,2022-07-05,1,20850,10919000,10919000,1.0,0.0,True,False,False,3222292.5000000005,0.0
4655,2022-07-05 11:50:00+05:30,1.55,1.6,1.5,1.55,12200,2038000,49.52,-33.33333333333333,NIFTY2270716600CE,CE,16600.0,2022-07-07,50,NIFTY,26545.0,1.545,2035060.0,0.46,False,True,False,True,True,False,False,False,False,-7900.0,2038000.0,2022-07-05,1,12200,10931200,10931200,1.0,0.0,True,False,False,3158900.0,7900.0
4656,2022-07-05 11:51:00+05:30,1.5,1.55,1.45,1.5,166150,2038000,42.4,-33.33333333333333,NIFTY2270716600CE,CE,16600.0,2022-07-07,50,NIFTY,33645.0,1.544,2034632.5,4.94,False,False,True,False,True,False,False,False,False,0.0,2038000.0,2022-07-05,1,166150,11097350,11097350,1.0,0.0,True,False,False,3057000.0,0.0
4657,2022-07-05 11:52:00+05:30,1.5,1.5,1.45,1.5,7900,2038000,42.4,-33.33333333333333,NIFTY2270716600CE,CE,16600.0,2022-07-07,50,NIFTY,33017.5,1.543,2034645.0,0.24,False,False,False,False,True,False,False,False,False,0.0,2038000.0,2022-07-05,1,7900,11105250,11105250,1.0,0.0,True,False,False,3006050.0,0.0
4658,2022-07-05 11:53:00+05:30,1.5,1.5,1.45,1.5,17200,2109700,42.4,-33.33333333333333,NIFTY2270716600CE,CE,16600.0,2022-07-07,50,NIFTY,33110.0,1.5419999999999998,2038242.5,0.52,False,False,True,False,True,False,False,False,False,71700.0,2109700.0,2022-07-05,1,17200,11122450,11122450,1.0,0.0,True,False,False,3111807.5,71700.0
4659,2022-07-05 11:54:00+05:30,1.5,1.5,1.45,1.5,11750,2109700,42.4,-100.0,NIFTY2270716600CE,CE,16600.0,2022-07-07,50,NIFTY,33480.0,1.543,2041840.0,0.35,False,False,True,False,True,False,False,False,False,0.0,2109700.0,2022-07-05,1,11750,11134200,11134200,1.0,0.0,True,False,False,3111807.5,0.0
4660,2022-07-05 11:55:00+05:30,1.5,1.5,1.45,1.5,31400,2109700,42.4,-100.0,NIFTY2270716600CE,CE,16600.0,2022-07-07,50,NIFTY,33637.5,1.5419999999999998,2045680.0,0.93,False,False,True,False,True,False,False,False,False,0.0,2109700.0,2022-07-05,1,31400,11165600,11165600,1.0,0.0,True,False,False,3111807.5,0.0
4661,2022-07-05 11:56:00+05:30,1.5,1.5,1.45,1.5,13750,2095300,42.4,-100.0,NIFTY2270716600CE,CE,16600.0,2022-07-07,50,NIFTY,33075.0,1.541,2048800.0,0.42,False,True,False,False,True,False,False,False,False,-14400.0,2095300.0,2022-07-05,1,13750,11179350,11179350,1.0,0.0,True,False,False,3090567.5,14400.0
4662,2022-07-05 11:57:00+05:30,1.5,1.5,1.45,1.5,22700,2095300,42.4,-100.0,NIFTY2270716600CE,CE,16600.0,2022-07-07,50,NIFTY,33280.0,1.54,2051920.0,0.68,False,False,True,False,True,False,False,False,False,0.0,2095300.0,2022-07-05,1,22700,11202050,11202050,1.0,0.0,True,False,False,3090567.5,0.0
4663,2022-07-05 11:58:00+05:30,1.5,1.55,1.45,1.55,32300,2095300,53.61,0.0,NIFTY2270716600CE,CE,16600.0,2022-07-07,50,NIFTY,33060.0,1.5389999999999997,2054772.5,0.98,False,False,False,True,True,False,False,True,True,0.0,2095300.0,2022-07-05,1,32300,11234350,11234350,1.0,0.0,True,False,False,3142950.0,0.0
4664,2022-07-05 11:59:00+05:30,1.55,1.55,1.5,1.55,19450,2086750,53.61,100.0,NIFTY2270716600CE,CE,16600.0,2022-07-07,50,NIFTY,32042.5,1.5390000000000001,2057197.5,0.61,False,True,False,True,True,False,True,False,False,-8550.0,2086750.0,2022-07-05,1,19450,11253800,11253800,1.0,0.0,True,False,False,3182293.75,8550.0
4665,2022-07-05 12:00:00+05:30,1.55,1.55,1.5,1.55,11100,2086750,53.61,100.0,NIFTY2270716600CE,CE,16600.0,2022-07-07,50,NIFTY,31585.0,1.5390000000000001,2059622.5,0.35,False,False,False,True,True,False,True,False,False,0.0,2086750.0,2022-07-05,1,11100,11264900,11264900,1.0,0.0,True,False,False,3182293.75,0.0
4666,2022-07-05 12:01:00+05:30,1.55,1.55,1.5,1.5,9750,2086750,43.13,0.0,NIFTY2270716600CE,CE,16600.0,2022-07-07,50,NIFTY,29667.5,1.538,2063147.5,0.33,False,False,False,False,True,False,False,False,False,0.0,2086750.0,2022-07-05,1,9750,11274650,11274650,1.0,0.0,True,False,False,3182293.75,0.0
4667,2022-07-05 12:02:00+05:30,1.5,1.55,1.5,1.5,10650,2082950,43.13,0.0,NIFTY2270716600CE,CE,16600.0,2022-07-07,50,NIFTY,29247.5,1.5370000000000001,2066482.5,0.36,False,True,False,False,True,False,False,False,False,-3800.0,2082950.0,2022-07-05,1,10650,11285300,11285300,1.0,0.0,True,False,False,3176498.75,3800.0
4668,2022-07-05 12:03:00+05:30,1.5,1.55,1.45,1.45,17150,2082950,35.16,-33.33333333333333,NIFTY2270716600CE,CE,16600.0,2022-07-07,50,NIFTY,29060.0,1.5370000000000001,2069817.5,0.59,False,False,False,False,True,False,False,False,False,0.0,2082950.0,2022-07-05,1,17150,11302450,11302450,1.0,0.0,True,False,False,3124425.0,0.0
4669,2022-07-05 12:04:00+05:30,1.5,1.5,1.45,1.45,15600,2082950,35.16,-33.33333333333333,NIFTY2270716600CE,CE,16600.0,2022-07-07,50,NIFTY,26972.5,1.536,2072240.0,0.58,False,False,False,False,True,False,False,False,False,0.0,2082950.0,2022-07-05,1,15600,11318050,11318050,1.0,0.0,True,False,False,3072351.25,0.0
4670,2022-07-05 12:05:00+05:30,1.45,1.5,1.45,1.45,15850,2112650,35.16,-33.33333333333333,NIFTY2270716600CE,CE,16600.0,2022-07-07,50,NIFTY,26515.0,1.535,2076147.5,0.6,False,False,False,False,True,False,False,False,False,29700.0,2112650.0,2022-07-05,1,15850,11333900,11333900,1.0,0.0,True,False,False,3116158.75,29700.0
4671,2022-07-05 12:06:00+05:30,1.45,1.5,1.45,1.5,77100,2112650,47.32,-33.33333333333333,NIFTY2270716600CE,CE,16600.0,2022-07-07,50,NIFTY,28995.0,1.535,2080055.0,2.66,False,False,True,False,True,False,False,True,True,0.0,2112650.0,2022-07-05,1,77100,11411000,11411000,1.0,0.0,True,False,False,3116158.75,0.0
4672,2022-07-05 12:07:00+05:30,1.5,1.55,1.5,1.5,18050,2112650,47.32,-33.33333333333333,NIFTY2270716600CE,CE,16600.0,2022-07-07,50,NIFTY,29062.5,1.535,2083392.5,0.62,False,False,True,False,True,False,False,False,False,0.0,2112650.0,2022-07-05,1,18050,11429050,11429050,1.0,0.0,True,False,False,3221791.25,0.0
4673,2022-07-05 12:08:00+05:30,1.55,1.6,1.5,1.55,57250,2097750,56.73,0.0,NIFTY2270716600CE,CE,16600.0,2022-07-07,50,NIFTY,29407.5,1.536,2085985.0,1.95,False,True,True,True,True,False,False,True,False,-14900.0,2097750.0,2022-07-05,1,57250,11486300,11486300,1.0,0.0,True,False,False,3251512.5,14900.0
4674,2022-07-05 12:09:00+05:30,1.55,1.6,1.5,1.5,53650,2097750,47.58,0.0,NIFTY2270716600CE,CE,16600.0,2022-07-07,50,NIFTY,31047.5,1.537,2088577.5,1.73,False,False,True,False,True,False,False,False,False,0.0,2097750.0,2022-07-05,1,53650,11539950,11539950,1.0,0.0,True,False,False,3251512.5,0.0
4675,2022-07-05 12:10:00+05:30,1.5,1.6,1.5,1.6,32300,2097750,61.1,33.33333333333333,NIFTY2270716600CE,CE,16600.0,2022-07-07,50,NIFTY,32052.5,1.5390000000000001,2091565.0,1.01,False,False,True,True,True,False,False,True,True,0.0,2097750.0,2022-07-05,1,32300,11572250,11572250,1.0,0.0,True,False,False,3251512.5,0.0
4676,2022-07-05 12:11:00+05:30,1.55,1.6,1.55,1.55,7250,2083500,53.65,33.33333333333333,NIFTY2270716600CE,CE,16600.0,2022-07-07,50,NIFTY,24107.5,1.5390000000000001,2093840.0,0.3,True,True,False,True,True,False,False,False,False,-14250.0,2083500.0,2022-07-05,1,7250,11579500,11579500,1.0,0.0,True,False,False,3281512.5000000005,14250.0
4677,2022-07-05 12:12:00+05:30,1.55,1.6,1.55,1.55,18700,2083500,53.65,33.33333333333333,NIFTY2270716600CE,CE,16600.0,2022-07-07,50,NIFTY,24647.5,1.5390000000000001,2096115.0,0.76,True,False,True,True,True,False,False,False,False,0.0,2083500.0,2022-07-05,1,18700,11598200,11598200,1.0,0.0,True,False,False,3281512.5000000005,0.0
4678,2022-07-05 12:13:00+05:30,1.6,1.6,1.5,1.5,45850,2083500,47.0,14.285714285714285,NIFTY2270716600CE,CE,16600.0,2022-07-07,50,NIFTY,26080.0,1.5379999999999998,2094805.0,1.76,True,False,True,False,True,False,False,False,False,0.0,2083500.0,2022-07-05,1,45850,11644050,11644050,1.0,0.0,True,False,False,3229425.0,0.0
4679,2022-07-05 12:14:00+05:30,1.5,1.55,1.5,1.5,19350,2083750,47.0,0.0,NIFTY2270716600CE,CE,16600.0,2022-07-07,50,NIFTY,26460.0,1.535,2093507.5,0.73,True,False,True,False,True,False,False,False,False,250.0,2083750.0,2022-07-05,1,19350,11663400,11663400,1.0,0.0,True,False,False,3177718.75,250.0
4680,2022-07-05 12:15:00+05:30,1.5,1.55,1.5,1.55,7550,2083750,53.66,14.285714285714285,NIFTY2270716600CE,CE,16600.0,2022-07-07,50,NIFTY,25267.5,1.535,2092210.0,0.3,True,False,False,True,True,False,False,True,True,0.0,2083750.0,2022-07-05,1,7550,11670950,11670950,1.0,0.0,True,False,False,3177718.75,0.0
4681,2022-07-05 12:16:00+05:30,1.55,1.6,1.5,1.55,48000,2083750,53.66,0.0,NIFTY2270716600CE,CE,16600.0,2022-07-07,50,NIFTY,26980.0,1.534,2091632.5,1.78,True,False,True,True,True,False,False,False,False,0.0,2083750.0,2022-07-05,1,48000,11718950,11718950,1.0,0.0,True,False,False,3229812.5,0.0
4682,2022-07-05 12:17:00+05:30,1.55,1.6,1.55,1.6,9900,2084350,59.55,33.33333333333333,NIFTY2270716600CE,CE,16600.0,2022-07-07,50,NIFTY,26340.0,1.535,2091085.0,0.38,True,False,False,True,True,False,False,True,True,600.0,2084350.0,2022-07-05,1,9900,11728850,11728850,1.0,0.0,True,False,False,3282851.2500000005,600.0
4683,2022-07-05 12:18:00+05:30,1.6,1.6,1.55,1.55,18000,2084350,52.38,-20.0,NIFTY2270716600CE,CE,16600.0,2022-07-07,50,NIFTY,25625.0,1.535,2090537.5,0.7,True,False,False,True,True,False,False,False,False,0.0,2084350.0,2022-07-05,1,18000,11746850,11746850,1.0,0.0,True,False,False,3282851.2500000005,0.0
4684,2022-07-05 12:19:00+05:30,1.55,1.6,1.55,1.55,20000,2084350,52.38,0.0,NIFTY2270716600CE,CE,16600.0,2022-07-07,50,NIFTY,25652.5,1.5339999999999998,2090417.5,0.78,True,False,True,True,True,False,False,False,False,0.0,2084350.0,2022-07-05,1,20000,11766850,11766850,1.0,0.0,True,False,False,3282851.2500000005,0.0
4685,2022-07-05 12:20:00+05:30,1.55,1.6,1.55,1.55,29650,2093350,52.38,0.0,NIFTY2270716600CE,CE,16600.0,2022-07-07,50,NIFTY,26580.0,1.534,2090747.5,1.12,False,False,True,True,True,False,False,False,False,9000.0,2093350.0,2022-07-05,1,29650,11796500,11796500,1.0,0.0,True,False,False,3297026.2500000005,9000.0
4686,2022-07-05 12:21:00+05:30,1.55,1.6,1.55,1.55,15000,2093350,52.38,33.33333333333333,NIFTY2270716600CE,CE,16600.0,2022-07-07,50,NIFTY,26842.5,1.5330000000000001,2091077.5,0.56,False,False,True,True,True,False,False,False,False,0.0,2093350.0,2022-07-05,1,15000,11811500,11811500,1.0,0.0,True,False,False,3297026.2500000005,0.0
4687,2022-07-05 12:22:00+05:30,1.55,1.55,1.5,1.5,19900,2093350,45.07,0.0,NIFTY2270716600CE,CE,16600.0,2022-07-07,50,NIFTY,27305.0,1.531,2091597.5,0.73,False,False,True,False,True,False,False,False,False,0.0,2093350.0,2022-07-05,1,19900,11831400,11831400,1.0,0.0,True,False,False,3192358.75,0.0
4688,2022-07-05 12:23:00+05:30,1.5,1.55,1.5,1.55,38700,2115550,52.25,0.0,NIFTY2270716600CE,CE,16600.0,2022-07-07,50,NIFTY,28382.5,1.531,2093227.5,1.36,False,False,True,True,True,False,False,True,True,22200.0,2115550.0,2022-07-05,1,38700,11870100,11870100,1.0,0.0,True,False,False,3226213.75,22200.0
4689,2022-07-05 12:24:00+05:30,1.55,1.55,1.45,1.5,134550,2115550,45.81,-20.0,NIFTY2270716600CE,CE,16600.0,2022-07-07,50,NIFTY,34330.0,1.53,2094857.5,3.92,False,False,True,False,True,False,False,False,False,0.0,2115550.0,2022-07-05,1,134550,12004650,12004650,1.0,0.0,True,False,False,3173325.0,0.0
4690,2022-07-05 12:25:00+05:30,1.5,1.55,1.45,1.55,48400,2115550,52.16,-20.0,NIFTY2270716600CE,CE,16600.0,2022-07-07,50,NIFTY,35957.5,1.53,2095002.5,1.35,False,False,True,True,True,False,False,True,True,0.0,2115550.0,2022-07-05,1,48400,12053050,12053050,1.0,0.0,True,False,False,3173325.0,0.0
4691,2022-07-05 12:26:00+05:30,1.55,1.55,1.5,1.5,27100,2112800,46.31,-20.0,NIFTY2270716600CE,CE,16600.0,2022-07-07,50,NIFTY,33457.5,1.53,2095010.0,0.81,False,True,False,False,True,False,False,False,False,-2750.0,2112800.0,2022-07-05,1,27100,12080150,12080150,1.0,0.0,True,False,False,3222020.0,2750.0
4692,2022-07-05 12:27:00+05:30,1.5,1.55,1.5,1.5,5200,2112800,46.31,-20.0,NIFTY2270716600CE,CE,16600.0,2022-07-07,50,NIFTY,32815.0,1.53,2095017.5,0.16,False,False,False,False,True,False,False,False,False,0.0,2112800.0,2022-07-05,1,5200,12085350,12085350,1.0,0.0,True,False,False,3222020.0,0.0
4693,2022-07-05 12:28:00+05:30,1.5,1.55,1.5,1.55,17100,2112800,52.49,0.0,NIFTY2270716600CE,CE,16600.0,2022-07-07,50,NIFTY,30807.5,1.5310000000000001,2095770.0,0.56,False,False,False,True,True,False,False,True,True,0.0,2112800.0,2022-07-05,1,17100,12102450,12102450,1.0,0.0,True,False,False,3222020.0,0.0
4694,2022-07-05 12:29:00+05:30,1.55,1.55,1.5,1.55,9300,2107550,52.49,0.0,NIFTY2270716600CE,CE,16600.0,2022-07-07,50,NIFTY,28590.0,1.5310000000000001,2096260.0,0.33,False,True,False,True,True,False,False,False,False,-5250.0,2107550.0,2022-07-05,1,9300,12111750,12111750,1.0,0.0,True,False,False,3214013.75,5250.0
4695,2022-07-05 12:30:00+05:30,1.55,1.55,1.5,1.5,17100,2107550,46.31,0.0,NIFTY2270716600CE,CE,16600.0,2022-07-07,50,NIFTY,27830.0,1.53,2096750.0,0.61,False,False,False,False,True,False,False,False,False,0.0,2107550.0,2022-07-05,1,17100,12128850,12128850,1.0,0.0,True,False,False,3214013.75,0.0
4696,2022-07-05 12:31:00+05:30,1.5,1.55,1.5,1.55,22450,2107550,52.35,0.0,NIFTY2270716600CE,CE,16600.0,2022-07-07,50,NIFTY,28590.0,1.53,2097952.5,0.79,False,False,True,True,True,False,False,True,True,0.0,2107550.0,2022-07-05,1,22450,12151300,12151300,1.0,0.0,True,False,False,3214013.75,0.0
4697,2022-07-05 12:32:00+05:30,1.55,1.55,1.45,1.5,38400,2136300,46.69,0.0,NIFTY2270716600CE,CE,16600.0,2022-07-07,50,NIFTY,29575.0,1.528,2100592.5,1.3,False,False,True,False,True,False,False,False,False,28750.0,2136300.0,2022-07-05,1,38400,12189700,12189700,1.0,0.0,True,False,False,3204450.0,28750.0
4698,2022-07-05 12:33:00+05:30,1.5,1.5,1.45,1.5,8850,2136300,46.69,-20.0,NIFTY2270716600CE,CE,16600.0,2022-07-07,50,NIFTY,27725.0,1.5270000000000001,2103232.5,0.32,False,False,False,False,True,False,False,False,False,0.0,2136300.0,2022-07-05,1,8850,12198550,12198550,1.0,0.0,True,False,False,3151042.5,0.0
4699,2022-07-05 12:34:00+05:30,1.5,1.5,1.45,1.5,13200,2136300,46.69,0.0,NIFTY2270716600CE,CE,16600.0,2022-07-07,50,NIFTY,27417.5,1.526,2105860.0,0.48,False,False,False,False,True,False,False,False,False,0.0,2136300.0,2022-07-05,1,13200,12211750,12211750,1.0,0.0,True,False,False,3151042.5,0.0
4700,2022-07-05 12:35:00+05:30,1.5,1.5,1.45,1.5,6400,2124000,46.69,0.0,NIFTY2270716600CE,CE,16600.0,2022-07-07,50,NIFTY,27360.0,1.525,2107872.5,0.23,False,True,False,False,True,False,False,False,False,-12300.0,2124000.0,2022-07-05,1,6400,12218150,12218150,1.0,0.0,True,False,False,3132900.0,12300.0
4701,2022-07-05 12:36:00+05:30,1.5,1.5,1.4,1.45,103550,2124000,40.77,-50.0,NIFTY2270716600CE,CE,16600.0,2022-07-07,50,NIFTY,30137.5,1.5220000000000002,2109885.0,3.44,False,False,True,False,True,False,False,False,False,0.0,2124000.0,2022-07-05,1,103550,12321700,12321700,1.0,0.0,True,False,False,3079800.0,0.0
4702,2022-07-05 12:37:00+05:30,1.45,1.45,1.4,1.45,18200,2124000,40.77,-50.0,NIFTY2270716600CE,CE,16600.0,2022-07-07,50,NIFTY,30552.5,1.5189999999999997,2111867.5,0.6,False,False,True,False,True,False,False,False,False,0.0,2124000.0,2022-07-05,1,18200,12339900,12339900,1.0,0.0,True,False,False,3026699.9999999995,0.0
4703,2022-07-05 12:38:00+05:30,1.45,1.45,1.4,1.4,16750,2171900,35.54,-50.0,NIFTY2270716600CE,CE,16600.0,2022-07-07,50,NIFTY,30490.0,1.516,2116245.0,0.55,False,False,False,False,True,False,False,False,False,47900.0,2171900.0,2022-07-05,1,16750,12356650,12356650,1.0,0.0,True,False,False,3094957.4999999995,47900.0
4704,2022-07-05 12:39:00+05:30,1.4,1.45,1.35,1.4,38350,2171900,35.54,-100.0,NIFTY2270716600CE,CE,16600.0,2022-07-07,50,NIFTY,31407.5,1.5130000000000001,2120622.5,1.22,False,False,True,False,True,False,False,False,False,0.0,2171900.0,2022-07-05,1,38350,12395000,12395000,1.0,0.0,True,False,False,3040660.0,0.0
4705,2022-07-05 12:40:00+05:30,1.4,1.4,1.3,1.35,63100,2171900,30.93,-100.0,NIFTY2270716600CE,CE,16600.0,2022-07-07,50,NIFTY,33080.0,1.5090000000000001,2124550.0,1.91,False,False,True,False,True,False,False,False,False,0.0,2171900.0,2022-07-05,1,63100,12458100,12458100,1.0,0.0,True,False,False,2932065.0,0.0
4706,2022-07-05 12:41:00+05:30,1.35,1.35,1.3,1.3,118800,2176550,27.15,-100.0,NIFTY2270716600CE,CE,16600.0,2022-07-07,50,NIFTY,38270.0,1.505,2128710.0,3.1,False,False,True,False,True,True,False,False,False,4650.0,2176550.0,2022-07-05,1,118800,12576900,12576900,1.0,0.0,True,False,False,2883928.7500000005,4650.0
4707,2022-07-05 12:42:00+05:30,1.3,1.35,1.25,1.3,46400,2176550,27.15,-100.0,NIFTY2270716600CE,CE,16600.0,2022-07-07,50,NIFTY,39595.0,1.5010000000000003,2132870.0,1.17,False,False,True,False,True,True,False,False,False,0.0,2176550.0,2022-07-05,1,46400,12623300,12623300,1.0,0.0,True,False,False,2829515.0,0.0
4708,2022-07-05 12:43:00+05:30,1.3,1.4,1.25,1.4,105150,2176550,43.26,-33.33333333333338,NIFTY2270716600CE,CE,16600.0,2022-07-07,50,NIFTY,42917.5,1.499,2135920.0,2.45,False,False,True,False,True,False,False,True,True,0.0,2176550.0,2022-07-05,1,105150,12728450,12728450,1.0,0.0,True,False,False,2883928.75,0.0
4709,2022-07-05 12:44:00+05:30,1.35,1.4,1.35,1.4,28950,2169750,43.26,-20.000000000000036,NIFTY2270716600CE,CE,16600.0,2022-07-07,50,NIFTY,37637.5,1.497,2138630.0,0.77,False,True,False,False,True,False,False,False,True,-6800.0,2169750.0,2022-07-05,1,28950,12757400,12757400,1.0,0.0,True,False,False,2983406.25,6800.0
4710,2022-07-05 12:45:00+05:30,1.4,1.45,1.35,1.4,129650,2169750,43.26,-20.000000000000036,NIFTY2270716600CE,CE,16600.0,2022-07-07,50,NIFTY,41700.0,1.495,2141340.0,3.11,False,False,True,False,True,False,False,False,False,0.0,2169750.0,2022-07-05,1,129650,12887050,12887050,1.0,0.0,True,False,False,3037650.0,0.0
4711,2022-07-05 12:46:00+05:30,1.4,1.4,1.4,1.4,3550,2169750,43.26,0.0,NIFTY2270716600CE,CE,16600.0,2022-07-07,50,NIFTY,40522.5,1.493,2144187.5,0.09,False,False,False,False,True,False,False,False,False,0.0,2169750.0,2022-07-05,1,3550,12890600,12890600,1.0,0.0,True,False,False,3037650.0,0.0
4712,2022-07-05 12:47:00+05:30,1.4,1.45,1.35,1.45,50100,2169750,50.6,20.000000000000036,NIFTY2270716600CE,CE,16600.0,2022-07-07,50,NIFTY,42767.5,1.4920000000000002,2147035.0,1.17,False,False,True,False,True,False,False,True,True,0.0,2169750.0,2022-07-05,1,50100,12940700,12940700,1.0,0.0,True,False,False,3037650.0,0.0
4713,2022-07-05 12:48:00+05:30,1.45,1.45,1.4,1.45,9850,2250500,50.6,49.99999999999994,NIFTY2270716600CE,CE,16600.0,2022-07-07,50,NIFTY,42405.0,1.49,2153920.0,0.23,False,False,False,False,True,False,False,False,False,80750.0,2250500.0,2022-07-05,1,9850,12950550,12950550,1.0,0.0,True,False,False,3206962.4999999995,80750.0
4714,2022-07-05 12:49:00+05:30,1.45,1.45,1.4,1.4,40300,2250500,44.0,49.99999999999994,NIFTY2270716600CE,CE,16600.0,2022-07-07,50,NIFTY,43955.0,1.4869999999999999,2161067.5,0.92,False,False,True,False,True,False,False,False,False,0.0,2250500.0,2022-07-05,1,40300,12990850,12990850,1.0,0.0,True,False,False,3206962.4999999995,0.0
4715,2022-07-05 12:50:00+05:30,1.4,1.5,1.4,1.45,52200,2224700,50.9,59.999999999999964,NIFTY2270716600CE,CE,16600.0,2022-07-07,50,NIFTY,45710.0,1.485,2166925.0,1.14,False,True,True,False,True,False,True,True,True,-25800.0,2224700.0,2022-07-05,1,52200,13043050,13043050,1.0,0.0,True,False,False,3225815.0,25800.0
4716,2022-07-05 12:51:00+05:30,1.45,1.5,1.45,1.45,49850,2224700,50.9,33.33333333333333,NIFTY2270716600CE,CE,16600.0,2022-07-07,50,NIFTY,47080.0,1.484,2172782.5,1.06,False,False,True,False,True,False,False,False,False,0.0,2224700.0,2022-07-05,1,49850,13092900,13092900,1.0,0.0,True,False,False,3281432.5,0.0
4717,2022-07-05 12:52:00+05:30,1.45,1.5,1.4,1.5,56700,2224700,57.04,50.0,NIFTY2270716600CE,CE,16600.0,2022-07-07,50,NIFTY,47995.0,1.484,2177202.5,1.18,False,False,True,True,True,False,True,True,True,0.0,2224700.0,2022-07-05,1,56700,13149600,13149600,1.0,0.0,True,False,False,3225815.0,0.0
4718,2022-07-05 12:53:00+05:30,1.45,1.5,1.45,1.5,56900,2224700,57.04,50.0,NIFTY2270716600CE,CE,16600.0,2022-07-07,50,NIFTY,50397.5,1.485,2181622.5,1.13,False,False,True,True,True,False,True,False,True,0.0,2224700.0,2022-07-05,1,56900,13206500,13206500,1.0,0.0,True,False,False,3281432.5,0.0
4719,2022-07-05 12:54:00+05:30,1.5,1.55,1.45,1.5,51850,2204000,57.04,50.0,NIFTY2270716600CE,CE,16600.0,2022-07-07,50,NIFTY,52330.0,1.4860000000000002,2185007.5,0.99,False,True,True,True,True,False,True,False,False,-20700.0,2204000.0,2022-07-05,1,51850,13258350,13258350,1.0,0.0,True,False,False,3306000.0,20700.0
4720,2022-07-05 12:55:00+05:30,1.5,1.55,1.45,1.45,17900,2204000,49.34,0.0,NIFTY2270716600CE,CE,16600.0,2022-07-07,50,NIFTY,52905.0,1.486,2189007.5,0.34,False,False,True,False,True,False,False,False,False,0.0,2204000.0,2022-07-05,1,17900,13276250,13276250,1.0,0.0,True,False,False,3306000.0,0.0
4721,2022-07-05 12:56:00+05:30,1.45,1.5,1.4,1.45,55300,2230150,49.34,0.0,NIFTY2270716600CE,CE,16600.0,2022-07-07,50,NIFTY,50492.5,1.485,2194315.0,1.1,False,False,False,False,True,False,False,False,False,26150.0,2230150.0,2022-07-05,1,55300,13331550,13331550,1.0,0.0,True,False,False,3233717.5,26150.0
4722,2022-07-05 12:57:00+05:30,1.4,1.45,1.4,1.45,114550,2230150,49.34,33.33333333333333,NIFTY2270716600CE,CE,16600.0,2022-07-07,50,NIFTY,55310.0,1.484,2199622.5,2.07,False,False,True,False,True,False,False,False,True,0.0,2230150.0,2022-07-05,1,114550,13446100,13446100,1.0,0.0,True,False,False,3177963.7499999995,0.0
4723,2022-07-05 12:58:00+05:30,1.45,1.45,1.35,1.35,39500,2230150,36.89,-49.99999999999994,NIFTY2270716600CE,CE,16600.0,2022-07-07,50,NIFTY,56447.5,1.48,2202535.0,0.7,False,False,True,False,True,False,False,False,False,0.0,2230150.0,2022-07-05,1,39500,13485600,13485600,1.0,0.0,True,False,False,3122210.0,0.0
4724,2022-07-05 12:59:00+05:30,1.35,1.4,1.35,1.4,37450,2250600,44.44,-20.000000000000036,NIFTY2270716600CE,CE,16600.0,2022-07-07,50,NIFTY,56402.5,1.4780000000000002,2206470.0,0.66,False,False,False,False,True,False,False,True,True,20450.0,2250600.0,2022-07-05,1,37450,13523050,13523050,1.0,0.0,True,False,False,3094575.0,20450.0
4725,2022-07-05 13:00:00+05:30,1.35,1.4,1.3,1.3,113350,2250600,35.33,-66.66666666666674,NIFTY2270716600CE,CE,16600.0,2022-07-07,50,NIFTY,58915.0,1.472,2210405.0,1.92,False,False,True,False,True,False,False,False,False,0.0,2250600.0,2022-07-05,1,113350,13636400,13636400,1.0,0.0,True,False,False,3038310.0,0.0
4726,2022-07-05 13:01:00+05:30,1.3,1.35,1.25,1.35,148550,2250600,41.76,-42.857142857142875,NIFTY2270716600CE,CE,16600.0,2022-07-07,50,NIFTY,60402.5,1.4680000000000002,2214107.5,2.46,False,False,True,False,True,False,False,True,True,0.0,2250600.0,2022-07-05,1,148550,13784950,13784950,1.0,0.0,True,False,False,2925780.0,0.0
4727,2022-07-05 13:02:00+05:30,1.35,1.35,1.25,1.3,130500,2250600,37.72,-50.000000000000036,NIFTY2270716600CE,CE,16600.0,2022-07-07,50,NIFTY,64607.5,1.463,2217810.0,2.02,False,False,True,False,True,False,False,False,False,0.0,2250600.0,2022-07-05,1,130500,13915450,13915450,1.0,0.0,True,False,False,2925780.0,0.0
4728,2022-07-05 13:03:00+05:30,1.3,1.35,1.3,1.3,47950,2258600,37.72,-42.857142857142875,NIFTY2270716600CE,CE,16600.0,2022-07-07,50,NIFTY,61747.5,1.459,2221912.5,0.78,False,False,False,False,True,False,False,False,False,8000.0,2258600.0,2022-07-05,1,47950,13963400,13963400,1.0,0.0,True,False,False,2992645.0000000005,8000.0
4729,2022-07-05 13:04:00+05:30,1.3,1.35,1.3,1.35,11500,2258600,44.0,-24.999999999999986,NIFTY2270716600CE,CE,16600.0,2022-07-07,50,NIFTY,60875.0,1.456,2226355.0,0.19,False,False,False,False,True,False,False,True,True,0.0,2258600.0,2022-07-05,1,11500,13974900,13974900,1.0,0.0,True,False,False,2992645.0000000005,0.0
4730,2022-07-05 13:05:00+05:30,1.35,1.35,1.3,1.35,8850,2258600,44.0,-24.999999999999986,NIFTY2270716600CE,CE,16600.0,2022-07-07,50,NIFTY,54835.0,1.4520000000000002,2230797.5,0.16,False,False,False,False,True,False,False,False,False,0.0,2258600.0,2022-07-05,1,8850,13983750,13983750,1.0,0.0,True,False,False,2992645.0000000005,0.0
4731,2022-07-05 13:06:00+05:30,1.35,1.35,1.3,1.3,15350,2253600,39.39,-14.285714285714304,NIFTY2270716600CE,CE,16600.0,2022-07-07,50,NIFTY,55425.0,1.4469999999999998,2234990.0,0.28,False,True,True,False,True,False,False,False,False,-5000.0,2253600.0,2022-07-05,1,15350,13999100,13999100,1.0,0.0,True,False,False,2986020.0000000005,5000.0
4732,2022-07-05 13:07:00+05:30,1.3,1.35,1.3,1.3,26550,2253600,39.39,-33.33333333333328,NIFTY2270716600CE,CE,16600.0,2022-07-07,50,NIFTY,54247.5,1.4409999999999998,2239182.5,0.49,False,False,False,False,True,False,False,False,False,0.0,2253600.0,2022-07-05,1,26550,14025650,14025650,1.0,0.0,True,False,False,2986020.0000000005,0.0
4733,2022-07-05 13:08:00+05:30,1.3,1.35,1.25,1.25,92450,2253600,35.13,-20.0,NIFTY2270716600CE,CE,16600.0,2022-07-07,50,NIFTY,58377.5,1.435,2239337.5,1.58,False,False,True,False,True,False,False,False,False,0.0,2253600.0,2022-07-05,1,92450,14118100,14118100,1.0,0.0,True,False,False,2929680.0,0.0
4734,2022-07-05 13:09:00+05:30,1.25,1.3,1.25,1.25,36100,2269050,35.13,-50.0,NIFTY2270716600CE,CE,16600.0,2022-07-07,50,NIFTY,58167.5,1.429,2240265.0,0.62,False,False,False,False,True,False,False,False,False,15450.0,2269050.0,2022-07-05,1,36100,14154200,14154200,1.0,0.0,True,False,False,2893038.75,15450.0
4735,2022-07-05 13:10:00+05:30,1.25,1.3,1.25,1.25,19900,2269050,35.13,-33.33333333333333,NIFTY2270716600CE,CE,16600.0,2022-07-07,50,NIFTY,56552.5,1.4229999999999998,2242482.5,0.35,False,False,False,False,True,False,False,False,False,0.0,2269050.0,2022-07-05,1,19900,14174100,14174100,1.0,0.0,True,False,False,2893038.75,0.0
4736,2022-07-05 13:11:00+05:30,1.25,1.3,1.2,1.2,48400,2269050,30.95,-50.0,NIFTY2270716600CE,CE,16600.0,2022-07-07,50,NIFTY,56480.0,1.416,2244700.0,0.86,False,False,False,False,True,False,False,False,False,0.0,2269050.0,2022-07-05,1,48400,14222500,14222500,1.0,0.0,True,False,False,2836312.5,0.0
4737,2022-07-05 13:12:00+05:30,1.2,1.3,1.2,1.2,64550,2272100,30.95,-100.0,NIFTY2270716600CE,CE,16600.0,2022-07-07,50,NIFTY,56872.5,1.41,2247070.0,1.13,False,False,True,False,True,False,False,False,False,3050.0,2272100.0,2022-07-05,1,64550,14287050,14287050,1.0,0.0,True,False,False,2840125.0,3050.0
4738,2022-07-05 13:13:00+05:30,1.2,1.3,1.2,1.3,45450,2272100,45.89,-20.0,NIFTY2270716600CE,CE,16600.0,2022-07-07,50,NIFTY,56300.0,1.405,2249440.0,0.81,False,False,False,False,True,False,False,True,True,0.0,2272100.0,2022-07-05,1,45450,14332500,14332500,1.0,0.0,True,False,False,2840125.0,0.0
4739,2022-07-05 13:14:00+05:30,1.3,1.3,1.25,1.3,12550,2272100,45.89,0.0,NIFTY2270716600CE,CE,16600.0,2022-07-07,50,NIFTY,54335.0,1.401,2252845.0,0.23,False,False,False,False,True,False,False,False,False,0.0,2272100.0,2022-07-05,1,12550,14345050,14345050,1.0,0.0,True,False,False,2896927.5,0.0
4740,2022-07-05 13:15:00+05:30,1.3,1.3,1.25,1.25,36900,2273950,40.77,-20.0,NIFTY2270716600CE,CE,16600.0,2022-07-07,50,NIFTY,55285.0,1.395,2256342.5,0.67,False,False,True,False,True,False,False,False,False,1850.0,2273950.0,2022-07-05,1,36900,14381950,14381950,1.0,0.0,True,False,False,2899286.25,1850.0
4741,2022-07-05 13:16:00+05:30,1.25,1.3,1.2,1.25,43700,2273950,40.77,0.0,NIFTY2270716600CE,CE,16600.0,2022-07-07,50,NIFTY,54705.0,1.39,2258532.5,0.8,False,False,False,False,True,False,False,False,False,0.0,2273950.0,2022-07-05,1,43700,14425650,14425650,1.0,0.0,True,False,False,2842437.5,0.0
4742,2022-07-05 13:17:00+05:30,1.25,1.25,1.2,1.25,74800,2273950,40.77,0.0,NIFTY2270716600CE,CE,16600.0,2022-07-07,50,NIFTY,52717.5,1.385,2260722.5,1.42,False,False,False,False,True,False,False,False,False,0.0,2273950.0,2022-07-05,1,74800,14500450,14500450,1.0,0.0,True,False,False,2785588.75,0.0
4743,2022-07-05 13:18:00+05:30,1.25,1.3,1.25,1.3,20450,2306250,48.02,20.0,NIFTY2270716600CE,CE,16600.0,2022-07-07,50,NIFTY,51765.0,1.3799999999999997,2264527.5,0.4,False,False,False,False,True,False,False,True,True,32300.0,2306250.0,2022-07-05,1,20450,14520900,14520900,1.0,0.0,True,False,False,2940468.75,32300.0
4744,2022-07-05 13:19:00+05:30,1.3,1.3,1.25,1.25,6250,2306250,42.43,20.0,NIFTY2270716600CE,CE,16600.0,2022-07-07,50,NIFTY,50205.0,1.3739999999999997,2267310.0,0.12,False,False,False,False,True,False,False,False,False,0.0,2306250.0,2022-07-05,1,6250,14527150,14527150,1.0,0.0,True,False,False,2940468.75,0.0
4745,2022-07-05 13:20:00+05:30,1.25,1.3,1.25,1.25,26750,2306250,42.43,20.0,NIFTY2270716600CE,CE,16600.0,2022-07-07,50,NIFTY,45875.0,1.3689999999999998,2270092.5,0.58,False,False,False,False,True,False,False,False,False,0.0,2306250.0,2022-07-05,1,26750,14553900,14553900,1.0,0.0,True,False,False,2940468.75,0.0
4746,2022-07-05 13:21:00+05:30,1.25,1.3,1.25,1.3,23800,2313200,49.27,0.0,NIFTY2270716600CE,CE,16600.0,2022-07-07,50,NIFTY,39637.5,1.364,2273222.5,0.6,False,False,False,False,True,False,False,True,True,6950.0,2313200.0,2022-07-05,1,23800,14577700,14577700,1.0,0.0,True,False,False,2949330.0,6950.0
4747,2022-07-05 13:22:00+05:30,1.3,1.3,1.25,1.3,10550,2313200,49.27,0.0,NIFTY2270716600CE,CE,16600.0,2022-07-07,50,NIFTY,33640.0,1.36,2276352.5,0.31,False,False,False,False,True,False,False,False,False,0.0,2313200.0,2022-07-05,1,10550,14588250,14588250,1.0,0.0,True,False,False,2949330.0,0.0
4748,2022-07-05 13:23:00+05:30,1.25,1.25,1.2,1.25,30250,2313200,43.3,0.0,NIFTY2270716600CE,CE,16600.0,2022-07-07,50,NIFTY,32755.0,1.355,2279082.5,0.92,False,False,False,False,True,False,False,False,False,0.0,2313200.0,2022-07-05,1,30250,14618500,14618500,1.0,0.0,True,False,False,2833670.0,0.0
4749,2022-07-05 13:24:00+05:30,1.25,1.25,1.2,1.25,5700,2319950,43.3,0.0,NIFTY2270716600CE,CE,16600.0,2022-07-07,50,NIFTY,32465.0,1.35,2282150.0,0.18,False,False,False,False,True,False,False,False,False,6750.0,2319950.0,2022-07-05,1,5700,14624200,14624200,1.0,0.0,True,False,False,2841938.75,6750.0
4750,2022-07-05 13:25:00+05:30,1.25,1.3,1.2,1.3,69550,2319950,50.29,20.0,NIFTY2270716600CE,CE,16600.0,2022-07-07,50,NIFTY,35500.0,1.3459999999999999,2285217.5,1.96,False,False,True,False,True,False,False,True,True,0.0,2319950.0,2022-07-05,1,69550,14693750,14693750,1.0,0.0,True,False,False,2899937.5,0.0
4751,2022-07-05 13:26:00+05:30,1.3,1.3,1.25,1.3,4450,2319950,50.29,0.0,NIFTY2270716600CE,CE,16600.0,2022-07-07,50,NIFTY,34955.0,1.3429999999999997,2288535.0,0.13,False,False,False,False,True,False,False,False,False,0.0,2319950.0,2022-07-05,1,4450,14698200,14698200,1.0,0.0,True,False,False,2957936.25,0.0
4752,2022-07-05 13:27:00+05:30,1.3,1.3,1.25,1.3,4600,2319450,50.29,33.33333333333333,NIFTY2270716600CE,CE,16600.0,2022-07-07,50,NIFTY,33857.5,1.34,2291827.5,0.14,False,True,False,False,True,False,False,False,False,-500.0,2319450.0,2022-07-05,1,4600,14702800,14702800,1.0,0.0,True,False,False,2957298.75,500.0
4753,2022-07-05 13:28:00+05:30,1.3,1.3,1.2,1.2,28250,2319450,38.45,-20.0,NIFTY2270716600CE,CE,16600.0,2022-07-07,50,NIFTY,30647.5,1.3359999999999999,2295120.0,0.92,False,False,False,False,True,False,False,False,False,0.0,2319450.0,2022-07-05,1,28250,14731050,14731050,1.0,0.0,True,False,False,2899312.5,0.0
4754,2022-07-05 13:29:00+05:30,1.2,1.25,1.2,1.25,9550,2319450,45.38,-20.0,NIFTY2270716600CE,CE,16600.0,2022-07-07,50,NIFTY,29320.0,1.3329999999999997,2297640.0,0.33,False,False,False,False,True,False,False,True,True,0.0,2319450.0,2022-07-05,1,9550,14740600,14740600,1.0,0.0,True,False,False,2841326.25,0.0
4755,2022-07-05 13:30:00+05:30,1.25,1.25,1.2,1.25,7100,2314050,45.38,-20.0,NIFTY2270716600CE,CE,16600.0,2022-07-07,50,NIFTY,28680.0,1.331,2299890.0,0.25,False,True,False,False,True,False,False,False,False,-5400.0,2314050.0,2022-07-05,1,7100,14747700,14747700,1.0,0.0,True,False,False,2834711.25,5400.0
4756,2022-07-05 13:31:00+05:30,1.2,1.25,1.2,1.25,10000,2314050,45.38,0.0,NIFTY2270716600CE,CE,16600.0,2022-07-07,50,NIFTY,26760.0,1.33,2302140.0,0.37,False,False,False,False,True,False,False,False,True,0.0,2314050.0,2022-07-05,1,10000,14757700,14757700,1.0,0.0,True,False,False,2834711.25,0.0
4757,2022-07-05 13:32:00+05:30,1.25,1.25,1.25,1.25,9500,2314050,45.38,0.0,NIFTY2270716600CE,CE,16600.0,2022-07-07,50,NIFTY,24007.5,1.3289999999999997,2304237.5,0.4,False,False,False,False,True,False,False,False,False,0.0,2314050.0,2022-07-05,1,9500,14767200,14767200,1.0,0.0,True,False,False,2892562.5,0.0
4758,2022-07-05 13:33:00+05:30,1.25,1.25,1.2,1.2,8300,2317400,39.41,-50.0,NIFTY2270716600CE,CE,16600.0,2022-07-07,50,NIFTY,22150.0,1.325,2306502.5,0.37,False,False,False,False,True,False,False,False,False,3350.0,2317400.0,2022-07-05,1,8300,14775500,14775500,1.0,0.0,True,False,False,2838815.0,3350.0
4759,2022-07-05 13:34:00+05:30,1.2,1.3,1.2,1.3,22450,2317400,52.78,0.0,NIFTY2270716600CE,CE,16600.0,2022-07-07,50,NIFTY,22645.0,1.3229999999999997,2308767.5,0.99,False,False,True,False,True,False,False,True,True,0.0,2317400.0,2022-07-05,1,22450,14797950,14797950,1.0,0.0,True,False,False,2896750.0,0.0
4760,2022-07-05 13:35:00+05:30,1.3,1.3,1.2,1.25,21100,2317400,47.17,-14.285714285714285,NIFTY2270716600CE,CE,16600.0,2022-07-07,50,NIFTY,21855.0,1.32,2310940.0,0.97,False,False,False,False,True,False,False,False,False,0.0,2317400.0,2022-07-05,1,21100,14819050,14819050,1.0,0.0,True,False,False,2896750.0,0.0
4761,2022-07-05 13:36:00+05:30,1.25,1.25,1.25,1.25,14050,2317300,47.17,20.0,NIFTY2270716600CE,CE,16600.0,2022-07-07,50,NIFTY,20372.5,1.317,2313107.5,0.69,False,True,False,False,True,False,False,False,False,-100.0,2317300.0,2022-07-05,1,14050,14833100,14833100,1.0,0.0,True,False,False,2896625.0,100.0
4762,2022-07-05 13:37:00+05:30,1.25,1.3,1.2,1.25,68150,2317300,47.17,0.0,NIFTY2270716600CE,CE,16600.0,2022-07-07,50,NIFTY,20040.0,1.3129999999999997,2315275.0,3.4,False,False,False,False,True,False,False,False,False,0.0,2317300.0,2022-07-05,1,68150,14901250,14901250,1.0,0.0,True,False,False,2896625.0,0.0
4763,2022-07-05 13:38:00+05:30,1.25,1.25,1.2,1.2,45250,2317300,41.65,-20.0,NIFTY2270716600CE,CE,16600.0,2022-07-07,50,NIFTY,21280.0,1.308,2315827.5,2.13,False,False,True,False,True,False,False,False,False,0.0,2317300.0,2022-07-05,1,45250,14946500,14946500,1.0,0.0,True,False,False,2838692.5,0.0
4764,2022-07-05 13:39:00+05:30,1.2,1.2,1.15,1.15,86050,2337600,36.99,-33.33333333333333,NIFTY2270716600CE,CE,16600.0,2022-07-07,50,NIFTY,25270.0,1.3030000000000002,2317395.0,3.41,False,False,True,False,True,False,False,False,False,20300.0,2337600.0,2022-07-05,1,86050,15032550,15032550,1.0,0.0,True,False,False,2746679.9999999995,20300.0
4765,2022-07-05 13:40:00+05:30,1.2,1.2,1.15,1.15,60850,2337600,36.99,-33.33333333333333,NIFTY2270716600CE,CE,16600.0,2022-07-07,50,NIFTY,26975.0,1.297,2318962.5,2.26,False,False,True,False,True,False,False,False,False,0.0,2337600.0,2022-07-05,1,60850,15093400,15093400,1.0,0.0,True,False,False,2746679.9999999995,0.0
4766,2022-07-05 13:41:00+05:30,1.15,1.2,1.15,1.2,52700,2337600,44.23,0.0,NIFTY2270716600CE,CE,16600.0,2022-07-07,50,NIFTY,28420.0,1.2920000000000003,2320182.5,1.85,False,False,True,False,True,False,False,True,True,0.0,2337600.0,2022-07-05,1,52700,15146100,15146100,1.0,0.0,True,False,False,2746679.9999999995,0.0
4767,2022-07-05 13:42:00+05:30,1.15,1.2,1.15,1.2,27150,2338450,44.23,-50.0,NIFTY2270716600CE,CE,16600.0,2022-07-07,50,NIFTY,29250.0,1.286,2321445.0,0.93,False,False,True,False,True,False,False,False,True,850.0,2338450.0,2022-07-05,1,27150,15173250,15173250,1.0,0.0,True,False,False,2747678.7499999995,850.0
4768,2022-07-05 13:43:00+05:30,1.2,1.2,1.15,1.2,12150,2338450,44.23,-33.33333333333333,NIFTY2270716600CE,CE,16600.0,2022-07-07,50,NIFTY,28345.0,1.28,2322707.5,0.43,False,False,False,False,True,False,False,False,False,0.0,2338450.0,2022-07-05,1,12150,15185400,15185400,1.0,0.0,True,False,False,2747678.7499999995,0.0
4769,2022-07-05 13:44:00+05:30,1.2,1.2,1.15,1.15,34600,2338450,38.68,-50.0,NIFTY2270716600CE,CE,16600.0,2022-07-07,50,NIFTY,29790.0,1.2730000000000001,2323632.5,1.16,False,False,True,False,True,False,False,False,False,0.0,2338450.0,2022-07-05,1,34600,15220000,15220000,1.0,0.0,True,False,False,2747678.7499999995,0.0
4770,2022-07-05 13:45:00+05:30,1.15,1.2,1.15,1.15,72800,2343600,38.68,-50.0,NIFTY2270716600CE,CE,16600.0,2022-07-07,50,NIFTY,29952.5,1.2670000000000001,2324815.0,2.43,False,False,True,False,True,False,False,False,False,5150.0,2343600.0,2022-07-05,1,72800,15292800,15292800,1.0,0.0,True,False,False,2753729.9999999995,5150.0
4771,2022-07-05 13:46:00+05:30,1.15,1.2,1.15,1.15,142550,2343600,38.68,-33.33333333333333,NIFTY2270716600CE,CE,16600.0,2022-07-07,50,NIFTY,36857.5,1.2610000000000001,2325997.5,3.87,False,False,True,False,True,False,False,False,False,0.0,2343600.0,2022-07-05,1,142550,15435350,15435350,1.0,0.0,True,False,False,2753729.9999999995,0.0
4772,2022-07-05 13:47:00+05:30,1.15,1.2,1.1,1.15,79500,2343600,38.68,0.0,NIFTY2270716600CE,CE,16600.0,2022-07-07,50,NIFTY,40602.5,1.255,2327205.0,1.96,False,False,True,False,True,False,False,False,False,0.0,2343600.0,2022-07-05,1,79500,15514850,15514850,1.0,0.0,True,False,False,2695140.0,0.0
4773,2022-07-05 13:48:00+05:30,1.15,1.15,1.1,1.15,75400,2391000,38.68,0.0,NIFTY2270716600CE,CE,16600.0,2022-07-07,50,NIFTY,42960.0,1.251,2330782.5,1.76,False,False,True,False,True,False,False,False,False,47400.0,2391000.0,2022-07-05,1,75400,15590250,15590250,1.0,0.0,True,False,False,2689875.0,47400.0
4774,2022-07-05 13:49:00+05:30,1.15,1.15,1.1,1.1,66600,2391000,32.73,-100.0,NIFTY2270716600CE,CE,16600.0,2022-07-07,50,NIFTY,45812.5,1.245,2334360.0,1.45,False,False,True,False,True,False,False,False,False,0.0,2391000.0,2022-07-05,1,66600,15656850,15656850,1.0,0.0,True,False,False,2689875.0,0.0
4775,2022-07-05 13:50:00+05:30,1.1,1.15,1.1,1.15,109450,2391000,42.29,-33.33333333333343,NIFTY2270716600CE,CE,16600.0,2022-07-07,50,NIFTY,50930.0,1.242,2338207.5,2.15,False,False,True,False,True,False,False,True,True,0.0,2391000.0,2022-07-05,1,109450,15766300,15766300,1.0,0.0,True,False,False,2689875.0,0.0
4776,2022-07-05 13:51:00+05:30,1.1,1.15,1.1,1.1,53650,2374900,36.68,-50.00000000000006,NIFTY2270716600CE,CE,16600.0,2022-07-07,50,NIFTY,53112.5,1.237,2341250.0,1.01,False,True,True,False,True,False,False,False,False,-16100.0,2374900.0,2022-07-05,1,53650,15819950,15819950,1.0,0.0,True,False,False,2671762.5,16100.0
4777,2022-07-05 13:52:00+05:30,1.1,1.15,1.1,1.1,38100,2374900,36.68,-33.33333333333333,NIFTY2270716600CE,CE,16600.0,2022-07-07,50,NIFTY,54542.5,1.2329999999999999,2344292.5,0.7,False,False,True,False,True,False,False,False,False,0.0,2374900.0,2022-07-05,1,38100,15858050,15858050,1.0,0.0,True,False,False,2671762.5,0.0
4778,2022-07-05 13:53:00+05:30,1.1,1.15,1.1,1.1,20100,2374900,36.68,-33.33333333333333,NIFTY2270716600CE,CE,16600.0,2022-07-07,50,NIFTY,55132.5,1.229,2347167.5,0.36,False,False,True,False,True,False,False,False,False,0.0,2374900.0,2022-07-05,1,20100,15878150,15878150,1.0,0.0,True,False,False,2671762.5,0.0
4779,2022-07-05 13:54:00+05:30,1.1,1.15,1.05,1.1,176750,2391850,36.68,-33.33333333333333,NIFTY2270716600CE,CE,16600.0,2022-07-07,50,NIFTY,62847.5,1.224,2350890.0,2.81,False,False,True,False,True,False,False,False,False,16950.0,2391850.0,2022-07-05,1,176750,16054900,16054900,1.0,0.0,True,False,False,2631035.0,16950.0
4780,2022-07-05 13:55:00+05:30,1.1,1.15,1.05,1.15,209500,2391850,46.27,0.0,NIFTY2270716600CE,CE,16600.0,2022-07-07,50,NIFTY,72267.5,1.22,2354612.5,2.9,False,False,True,False,True,False,False,True,True,0.0,2391850.0,2022-07-05,1,209500,16264400,16264400,1.0,0.0,True,False,False,2631035.0,0.0
4781,2022-07-05 13:56:00+05:30,1.15,1.2,1.1,1.15,93650,2391850,46.27,0.0,NIFTY2270716600CE,CE,16600.0,2022-07-07,50,NIFTY,76247.5,1.217,2358340.0,1.23,False,False,True,False,True,False,False,False,False,0.0,2391850.0,2022-07-05,1,93650,16358050,16358050,1.0,0.0,True,False,False,2750627.5,0.0
4782,2022-07-05 13:57:00+05:30,1.2,1.2,1.1,1.15,105250,2374250,46.27,33.33333333333333,NIFTY2270716600CE,CE,16600.0,2022-07-07,50,NIFTY,78102.5,1.214,2361187.5,1.35,False,True,True,False,True,False,False,False,False,-17600.0,2374250.0,2022-07-05,1,105250,16463300,16463300,1.0,0.0,True,False,False,2730387.5,17600.0
4783,2022-07-05 13:58:00+05:30,1.15,1.15,1.1,1.1,71200,2374250,38.91,-33.33333333333333,NIFTY2270716600CE,CE,16600.0,2022-07-07,50,NIFTY,79400.0,1.2109999999999999,2364035.0,0.9,False,False,True,False,True,False,False,False,False,0.0,2374250.0,2022-07-05,1,71200,16534500,16534500,1.0,0.0,True,False,False,2671031.25,0.0
4784,2022-07-05 13:59:00+05:30,1.1,1.15,1.1,1.15,18000,2374250,47.84,33.33333333333333,NIFTY2270716600CE,CE,16600.0,2022-07-07,50,NIFTY,75997.5,1.2089999999999999,2365867.5,0.24,False,False,False,False,True,False,False,True,True,0.0,2374250.0,2022-07-05,1,18000,16552500,16552500,1.0,0.0,True,False,False,2671031.25,0.0
4785,2022-07-05 14:00:00+05:30,1.1,1.15,1.05,1.1,75650,2392600,41.33,0.0,NIFTY2270716600CE,CE,16600.0,2022-07-07,50,NIFTY,76737.5,1.206,2368617.5,0.99,False,False,True,False,True,False,False,False,False,18350.0,2392600.0,2022-07-05,1,75650,16628150,16628150,1.0,0.0,True,False,False,2631860.0,18350.0
4786,2022-07-05 14:01:00+05:30,1.1,1.15,1.05,1.15,61750,2392600,48.83,20.0,NIFTY2270716600CE,CE,16600.0,2022-07-07,50,NIFTY,77190.0,1.205,2371367.5,0.8,False,False,True,False,True,False,False,True,True,0.0,2392600.0,2022-07-05,1,61750,16689900,16689900,1.0,0.0,True,False,False,2631860.0,0.0
4787,2022-07-05 14:02:00+05:30,1.1,1.15,1.1,1.15,150750,2392600,48.83,20.0,NIFTY2270716600CE,CE,16600.0,2022-07-07,50,NIFTY,83370.0,1.204,2374075.0,1.81,False,False,True,False,True,False,False,False,True,0.0,2392600.0,2022-07-05,1,150750,16840650,16840650,1.0,0.0,True,False,False,2691675.0,0.0
4788,2022-07-05 14:03:00+05:30,1.15,1.15,1.1,1.1,51850,2390950,42.53,-20.0,NIFTY2270716600CE,CE,16600.0,2022-07-07,50,NIFTY,85355.0,1.2,2376700.0,0.61,False,True,True,False,True,False,False,False,False,-1650.0,2390950.0,2022-07-05,1,51850,16892500,16892500,1.0,0.0,True,False,False,2689818.75,1650.0
4789,2022-07-05 14:04:00+05:30,1.15,1.15,1.1,1.1,33000,2390950,42.53,-20.0,NIFTY2270716600CE,CE,16600.0,2022-07-07,50,NIFTY,85275.0,1.196,2379325.0,0.39,False,False,False,False,True,False,False,False,False,0.0,2390950.0,2022-07-05,1,33000,16925500,16925500,1.0,0.0,True,False,False,2689818.75,0.0
4790,2022-07-05 14:05:00+05:30,1.1,1.15,1.1,1.1,26050,2390950,42.53,-20.0,NIFTY2270716600CE,CE,16600.0,2022-07-07,50,NIFTY,82937.5,1.193,2381692.5,0.31,False,False,False,False,True,False,False,False,False,0.0,2390950.0,2022-07-05,1,26050,16951550,16951550,1.0,0.0,True,False,False,2689818.75,0.0
4791,2022-07-05 14:06:00+05:30,1.1,1.15,1.1,1.15,25450,2397900,50.51,20.0,NIFTY2270716600CE,CE,16600.0,2022-07-07,50,NIFTY,77082.5,1.1909999999999998,2384407.5,0.33,False,False,False,False,True,False,False,True,True,6950.0,2397900.0,2022-07-05,1,25450,16977000,16977000,1.0,0.0,True,False,False,2697637.5,6950.0
4792,2022-07-05 14:07:00+05:30,1.15,1.15,1.1,1.15,10400,2397900,50.51,0.0,NIFTY2270716600CE,CE,16600.0,2022-07-07,50,NIFTY,73627.5,1.1889999999999998,2387122.5,0.14,False,False,False,False,True,False,False,False,False,0.0,2397900.0,2022-07-05,1,10400,16987400,16987400,1.0,0.0,True,False,False,2697637.5,0.0
4793,2022-07-05 14:08:00+05:30,1.15,1.15,1.1,1.1,18850,2397900,43.5,0.0,NIFTY2270716600CE,CE,16600.0,2022-07-07,50,NIFTY,70800.0,1.185,2387467.5,0.27,False,False,False,False,True,False,False,False,False,0.0,2397900.0,2022-07-05,1,18850,17006250,17006250,1.0,0.0,True,False,False,2697637.5,0.0
4794,2022-07-05 14:09:00+05:30,1.1,1.15,1.1,1.1,11450,2409800,43.5,-33.33333333333333,NIFTY2270716600CE,CE,16600.0,2022-07-07,50,NIFTY,68042.5,1.182,2388407.5,0.17,False,False,False,False,True,False,False,False,False,11900.0,2409800.0,2022-07-05,1,11450,17017700,17017700,1.0,0.0,True,False,False,2711025.0,11900.0
4795,2022-07-05 14:10:00+05:30,1.1,1.15,1.1,1.15,18500,2409800,51.33,0.0,NIFTY2270716600CE,CE,16600.0,2022-07-07,50,NIFTY,63495.0,1.18,2389347.5,0.29,False,False,False,False,True,False,False,True,True,0.0,2409800.0,2022-07-05,1,18500,17036200,17036200,1.0,0.0,True,False,False,2711025.0,0.0
4796,2022-07-05 14:11:00+05:30,1.15,1.15,1.1,1.1,27200,2409800,44.67,0.0,NIFTY2270716600CE,CE,16600.0,2022-07-07,50,NIFTY,62172.5,1.1760000000000002,2391092.5,0.44,False,False,False,False,True,False,False,False,False,0.0,2409800.0,2022-07-05,1,27200,17063400,17063400,1.0,0.0,True,False,False,2711025.0,0.0
4797,2022-07-05 14:12:00+05:30,1.1,1.15,1.1,1.15,75500,2398300,51.45,20.0,NIFTY2270716600CE,CE,16600.0,2022-07-07,50,NIFTY,64042.5,1.173,2392262.5,1.18,False,True,True,False,True,False,False,True,True,-11500.0,2398300.0,2022-07-05,1,75500,17138900,17138900,1.0,0.0,True,False,False,2698087.5,11500.0
4798,2022-07-05 14:13:00+05:30,1.15,1.15,1.1,1.1,10250,2398300,45.45,0.0,NIFTY2270716600CE,CE,16600.0,2022-07-07,50,NIFTY,63550.0,1.17,2393432.5,0.16,False,False,False,False,True,False,False,False,False,0.0,2398300.0,2022-07-05,1,10250,17149150,17149150,1.0,0.0,True,False,False,2698087.5,0.0
4799,2022-07-05 14:14:00+05:30,1.1,1.15,1.1,1.1,5900,2398300,45.45,-20.0,NIFTY2270716600CE,CE,16600.0,2022-07-07,50,NIFTY,55007.5,1.167,2393755.0,0.11,False,False,False,False,True,False,False,False,False,0.0,2398300.0,2022-07-05,1,5900,17155050,17155050,1.0,0.0,True,False,False,2698087.5,0.0
4800,2022-07-05 14:15:00+05:30,1.15,1.15,1.1,1.1,25550,2411900,45.45,-20.0,NIFTY2270716600CE,CE,16600.0,2022-07-07,50,NIFTY,45810.0,1.163,2394757.5,0.56,False,False,False,False,True,False,False,False,False,13600.0,2411900.0,2022-07-05,1,25550,17180600,17180600,1.0,0.0,True,False,False,2713387.5,13600.0
4801,2022-07-05 14:16:00+05:30,1.1,1.15,1.1,1.15,69900,2411900,52.39,20.0,NIFTY2270716600CE,CE,16600.0,2022-07-07,50,NIFTY,44622.5,1.16,2395760.0,1.57,False,False,False,False,True,False,False,True,True,0.0,2411900.0,2022-07-05,1,69900,17250500,17250500,1.0,0.0,True,False,False,2713387.5,0.0
4802,2022-07-05 14:17:00+05:30,1.15,1.15,1.1,1.15,8050,2411900,52.39,20.0,NIFTY2270716600CE,CE,16600.0,2022-07-07,50,NIFTY,39762.5,1.157,2397642.5,0.2,False,False,False,False,True,False,False,False,False,0.0,2411900.0,2022-07-05,1,8050,17258550,17258550,1.0,0.0,True,False,False,2713387.5,0.0
4803,2022-07-05 14:18:00+05:30,1.15,1.15,1.1,1.1,8600,2392250,45.65,-20.0,NIFTY2270716600CE,CE,16600.0,2022-07-07,50,NIFTY,36632.5,1.155,2398542.5,0.23,True,True,False,False,True,False,False,False,False,-19650.0,2392250.0,2022-07-05,1,8600,17267150,17267150,1.0,0.0,True,False,False,2691281.25,19650.0
4804,2022-07-05 14:19:00+05:30,1.1,1.15,1.1,1.1,25450,2392250,45.65,0.0,NIFTY2270716600CE,CE,16600.0,2022-07-07,50,NIFTY,37005.0,1.152,2399442.5,0.69,True,False,True,False,True,False,False,False,False,0.0,2392250.0,2022-07-05,1,25450,17292600,17292600,1.0,0.0,True,False,False,2691281.25,0.0
4805,2022-07-05 14:20:00+05:30,1.15,1.15,1.05,1.05,118200,2392250,39.73,-50.00000000000006,NIFTY2270716600CE,CE,16600.0,2022-07-07,50,NIFTY,39132.5,1.148,2399425.0,3.02,True,False,True,False,True,False,False,False,False,0.0,2392250.0,2022-07-05,1,118200,17410800,17410800,1.0,0.0,True,False,False,2631475.0,0.0
4806,2022-07-05 14:21:00+05:30,1.05,1.15,1.05,1.1,64250,2373950,47.12,0.0,NIFTY2270716600CE,CE,16600.0,2022-07-07,50,NIFTY,39257.5,1.145,2398492.5,1.64,True,True,True,False,True,False,False,True,True,-18300.0,2373950.0,2022-07-05,1,64250,17475050,17475050,1.0,0.0,True,False,False,2611345.0,18300.0
4807,2022-07-05 14:22:00+05:30,1.1,1.15,1.1,1.1,4600,2373950,47.12,0.0,NIFTY2270716600CE,CE,16600.0,2022-07-07,50,NIFTY,31950.0,1.142,2397560.0,0.14,True,False,False,False,True,False,False,False,False,0.0,2373950.0,2022-07-05,1,4600,17479650,17479650,1.0,0.0,True,False,False,2670693.75,0.0
4808,2022-07-05 14:23:00+05:30,1.1,1.15,1.1,1.1,55600,2373950,47.12,0.0,NIFTY2270716600CE,CE,16600.0,2022-07-07,50,NIFTY,32137.5,1.14,2396710.0,1.73,True,False,True,False,True,False,False,False,False,0.0,2373950.0,2022-07-05,1,55600,17535250,17535250,1.0,0.0,True,False,False,2670693.75,0.0
4809,2022-07-05 14:24:00+05:30,1.1,1.2,1.1,1.15,174150,2376400,54.14,0.0,NIFTY2270716600CE,CE,16600.0,2022-07-07,50,NIFTY,39195.0,1.1369999999999998,2395982.5,4.44,True,False,True,True,True,False,False,True,True,2450.0,2376400.0,2022-07-05,1,174150,17709400,17709400,1.0,0.0,True,False,False,2732860.0,2450.0
4810,2022-07-05 14:25:00+05:30,1.15,1.2,1.15,1.15,44050,2376400,54.14,0.0,NIFTY2270716600CE,CE,16600.0,2022-07-07,50,NIFTY,40095.0,1.135,2395255.0,1.1,True,False,True,True,True,False,False,False,False,0.0,2376400.0,2022-07-05,1,44050,17753450,17753450,1.0,0.0,True,False,False,2792269.9999999995,0.0
4811,2022-07-05 14:26:00+05:30,1.2,1.2,1.15,1.2,39650,2376400,60.26,49.99999999999994,NIFTY2270716600CE,CE,16600.0,2022-07-07,50,NIFTY,40805.0,1.134,2394180.0,0.97,True,False,True,True,True,False,False,True,False,0.0,2376400.0,2022-07-05,1,39650,17793100,17793100,1.0,0.0,True,False,False,2792269.9999999995,0.0
4812,2022-07-05 14:27:00+05:30,1.2,1.2,1.15,1.15,11500,2448800,52.69,19.99999999999993,NIFTY2270716600CE,CE,16600.0,2022-07-07,50,NIFTY,40860.0,1.132,2396725.0,0.28,False,False,True,True,True,False,False,False,False,72400.0,2448800.0,2022-07-05,1,11500,17804600,17804600,1.0,0.0,True,False,False,2877339.9999999995,72400.0
4813,2022-07-05 14:28:00+05:30,1.15,1.2,1.15,1.2,17150,2448800,58.33,59.999999999999964,NIFTY2270716600CE,CE,16600.0,2022-07-07,50,NIFTY,40775.0,1.1320000000000001,2399270.0,0.42,False,False,False,True,True,False,True,True,True,0.0,2448800.0,2022-07-05,1,17150,17821750,17821750,1.0,0.0,True,False,False,2877339.9999999995,0.0
4814,2022-07-05 14:29:00+05:30,1.2,1.2,1.15,1.15,20300,2448800,51.69,19.99999999999993,NIFTY2270716600CE,CE,16600.0,2022-07-07,50,NIFTY,41217.5,1.1320000000000001,2401220.0,0.49,False,False,True,True,True,False,False,False,False,0.0,2448800.0,2022-07-05,1,20300,17842050,17842050,1.0,0.0,True,False,False,2877339.9999999995,0.0
4815,2022-07-05 14:30:00+05:30,1.15,1.2,1.1,1.1,35100,2447200,46.05,0.0,NIFTY2270716600CE,CE,16600.0,2022-07-07,50,NIFTY,42047.5,1.131,2403090.0,0.83,False,True,True,False,True,False,False,False,False,-1600.0,2447200.0,2022-07-05,1,35100,17877150,17877150,1.0,0.0,True,False,False,2814280.0,1600.0
4816,2022-07-05 14:31:00+05:30,1.15,1.15,1.1,1.15,20450,2447200,51.73,14.28571428571425,NIFTY2270716600CE,CE,16600.0,2022-07-07,50,NIFTY,41710.0,1.13,2404960.0,0.49,False,False,False,True,True,False,False,True,False,0.0,2447200.0,2022-07-05,1,20450,17897600,17897600,1.0,0.0,True,False,False,2753100.0,0.0
4817,2022-07-05 14:32:00+05:30,1.15,1.2,1.15,1.15,72450,2447200,51.73,0.0,NIFTY2270716600CE,CE,16600.0,2022-07-07,50,NIFTY,41557.5,1.129,2407405.0,1.74,False,False,False,True,True,False,False,False,False,0.0,2447200.0,2022-07-05,1,72450,17970050,17970050,1.0,0.0,True,False,False,2875459.9999999995,0.0
4818,2022-07-05 14:33:00+05:30,1.15,1.15,1.1,1.1,27300,2473600,46.1,-14.28571428571425,NIFTY2270716600CE,CE,16600.0,2022-07-07,50,NIFTY,42410.0,1.127,2411170.0,0.64,False,False,True,False,True,False,False,False,False,26400.0,2473600.0,2022-07-05,1,27300,17997350,17997350,1.0,0.0,True,False,False,2782800.0,26400.0
4819,2022-07-05 14:34:00+05:30,1.1,1.15,1.1,1.15,13200,2473600,51.75,-14.28571428571432,NIFTY2270716600CE,CE,16600.0,2022-07-07,50,NIFTY,42775.0,1.1269999999999998,2414935.0,0.31,False,False,True,True,True,False,False,True,True,0.0,2473600.0,2022-07-05,1,13200,18010550,18010550,1.0,0.0,True,False,False,2782800.0,0.0
4820,2022-07-05 14:35:00+05:30,1.15,1.15,1.1,1.15,7450,2473600,51.75,0.0,NIFTY2270716600CE,CE,16600.0,2022-07-07,50,NIFTY,41870.0,1.1269999999999998,2418020.0,0.18,False,False,False,True,True,False,False,False,False,0.0,2473600.0,2022-07-05,1,7450,18018000,18018000,1.0,0.0,True,False,False,2782800.0,0.0
4821,2022-07-05 14:36:00+05:30,1.1,1.15,1.1,1.15,63050,2469850,51.75,-20.00000000000007,NIFTY2270716600CE,CE,16600.0,2022-07-07,50,NIFTY,41527.5,1.127,2420917.5,1.52,False,True,False,True,True,False,False,False,True,-3750.0,2469850.0,2022-07-05,1,63050,18081050,18081050,1.0,0.0,True,False,False,2778581.25,3750.0
4822,2022-07-05 14:37:00+05:30,1.15,1.15,1.1,1.15,74850,2469850,51.75,0.0,NIFTY2270716600CE,CE,16600.0,2022-07-07,50,NIFTY,44867.5,1.127,2423815.0,1.67,False,False,True,True,True,False,False,False,False,0.0,2469850.0,2022-07-05,1,74850,18155900,18155900,1.0,0.0,True,False,False,2778581.25,0.0
4823,2022-07-05 14:38:00+05:30,1.15,1.15,1.05,1.1,57250,2469850,45.36,0.0,NIFTY2270716600CE,CE,16600.0,2022-07-07,50,NIFTY,47300.0,1.1260000000000001,2427695.0,1.21,False,False,True,False,True,False,False,False,False,0.0,2469850.0,2022-07-05,1,57250,18213150,18213150,1.0,0.0,True,False,False,2716835.0,0.0
4824,2022-07-05 14:39:00+05:30,1.1,1.1,1.05,1.05,52200,2518300,40.03,-50.00000000000006,NIFTY2270716600CE,CE,16600.0,2022-07-07,50,NIFTY,48637.5,1.125,2433997.5,1.07,False,False,True,False,True,False,False,False,False,48450.0,2518300.0,2022-07-05,1,52200,18265350,18265350,1.0,0.0,True,False,False,2707172.5000000005,48450.0
4825,2022-07-05 14:40:00+05:30,1.1,1.1,1.05,1.1,29700,2518300,46.76,-19.999999999999964,NIFTY2270716600CE,CE,16600.0,2022-07-07,50,NIFTY,44212.5,1.124,2440300.0,0.67,False,False,False,False,True,False,False,True,False,0.0,2518300.0,2022-07-05,1,29700,18295050,18295050,1.0,0.0,True,False,False,2707172.5000000005,0.0
4826,2022-07-05 14:41:00+05:30,1.1,1.1,1.05,1.05,40050,2518300,41.72,-20.000000000000036,NIFTY2270716600CE,CE,16600.0,2022-07-07,50,NIFTY,43002.5,1.123,2447517.5,0.93,False,False,False,False,True,False,False,False,False,0.0,2518300.0,2022-07-05,1,40050,18335100,18335100,1.0,0.0,True,False,False,2707172.5000000005,0.0
4827,2022-07-05 14:42:00+05:30,1.05,1.15,1.05,1.05,139550,2451800,41.72,-49.99999999999994,NIFTY2270716600CE,CE,16600.0,2022-07-07,50,NIFTY,49750.0,1.122,2451410.0,2.81,False,True,True,False,True,False,False,False,False,-66500.0,2451800.0,2022-07-05,1,139550,18474650,18474650,1.0,0.0,True,False,False,2696980.0,66500.0
4828,2022-07-05 14:43:00+05:30,1.05,1.15,1.05,1.1,45200,2451800,48.2,-19.99999999999993,NIFTY2270716600CE,CE,16600.0,2022-07-07,50,NIFTY,49230.0,1.122,2455302.5,0.92,True,False,False,False,True,False,False,True,True,0.0,2451800.0,2022-07-05,1,45200,18519850,18519850,1.0,0.0,True,False,False,2696980.0,0.0
4829,2022-07-05 14:44:00+05:30,1.1,1.15,1.05,1.1,81150,2451800,48.2,-19.99999999999993,NIFTY2270716600CE,CE,16600.0,2022-07-07,50,NIFTY,44580.0,1.1219999999999999,2459072.5,1.82,True,False,False,False,True,False,False,False,False,0.0,2451800.0,2022-07-05,1,81150,18601000,18601000,1.0,0.0,True,False,False,2696980.0,0.0
4830,2022-07-05 14:45:00+05:30,1.1,1.15,1.05,1.1,73950,2451950,48.2,-19.99999999999993,NIFTY2270716600CE,CE,16600.0,2022-07-07,50,NIFTY,46075.0,1.121,2462850.0,1.6,True,False,True,False,True,False,False,False,False,150.0,2451950.0,2022-07-05,1,73950,18674950,18674950,1.0,0.0,True,False,False,2697145.0,150.0
4831,2022-07-05 14:46:00+05:30,1.1,1.15,1.1,1.1,19850,2451950,48.2,0.0,NIFTY2270716600CE,CE,16600.0,2022-07-07,50,NIFTY,45085.0,1.12,2466627.5,0.44,True,False,False,False,True,False,False,False,False,0.0,2451950.0,2022-07-05,1,19850,18694800,18694800,1.0,0.0,True,False,False,2758443.75,0.0
4832,2022-07-05 14:47:00+05:30,1.1,1.15,1.05,1.15,33400,2451950,54.94,49.99999999999994,NIFTY2270716600CE,CE,16600.0,2022-07-07,50,NIFTY,46180.0,1.12,2466785.0,0.72,True,False,True,True,True,False,False,True,True,0.0,2451950.0,2022-07-05,1,33400,18728200,18728200,1.0,0.0,True,False,False,2697145.0,0.0
4833,2022-07-05 14:48:00+05:30,1.15,1.15,1.1,1.1,48500,2476350,48.19,0.0,NIFTY2270716600CE,CE,16600.0,2022-07-07,50,NIFTY,47747.5,1.12,2468162.5,1.02,False,False,True,False,True,False,False,False,False,24400.0,2476350.0,2022-07-05,1,48500,18776700,18776700,1.0,0.0,True,False,False,2785893.75,24400.0
4834,2022-07-05 14:49:00+05:30,1.1,1.15,1.1,1.15,14250,2476350,54.24,50.00000000000006,NIFTY2270716600CE,CE,16600.0,2022-07-07,50,NIFTY,47445.0,1.12,2469540.0,0.3,False,False,False,True,True,False,True,True,True,0.0,2476350.0,2022-07-05,1,14250,18790950,18790950,1.0,0.0,True,False,False,2785893.75,0.0
4835,2022-07-05 14:50:00+05:30,1.15,1.15,1.1,1.15,19050,2476350,54.24,50.00000000000006,NIFTY2270716600CE,CE,16600.0,2022-07-07,50,NIFTY,46642.5,1.121,2470997.5,0.41,False,False,False,True,True,False,True,False,False,0.0,2476350.0,2022-07-05,1,19050,18810000,18810000,1.0,0.0,True,False,False,2785893.75,0.0
4836,2022-07-05 14:51:00+05:30,1.15,1.15,1.1,1.1,16600,2469350,47.77,0.0,NIFTY2270716600CE,CE,16600.0,2022-07-07,50,NIFTY,46450.0,1.12,2472105.0,0.36,True,True,False,False,True,False,False,False,False,-7000.0,2469350.0,2022-07-05,1,16600,18826600,18826600,1.0,0.0,True,False,False,2778018.75,7000.0
4837,2022-07-05 14:52:00+05:30,1.1,1.15,1.1,1.1,23750,2469350,47.77,0.0,NIFTY2270716600CE,CE,16600.0,2022-07-07,50,NIFTY,44015.0,1.119,2473212.5,0.54,True,False,False,False,True,False,False,False,False,0.0,2469350.0,2022-07-05,1,23750,18850350,18850350,1.0,0.0,True,False,False,2778018.75,0.0
4838,2022-07-05 14:53:00+05:30,1.1,1.15,1.1,1.1,30550,2469350,47.77,0.0,NIFTY2270716600CE,CE,16600.0,2022-07-07,50,NIFTY,44177.5,1.119,2473000.0,0.69,True,False,True,False,True,False,False,False,False,0.0,2469350.0,2022-07-05,1,30550,18880900,18880900,1.0,0.0,True,False,False,2778018.75,0.0
4839,2022-07-05 14:54:00+05:30,1.1,1.15,1.1,1.15,35650,2458800,54.54,20.0,NIFTY2270716600CE,CE,16600.0,2022-07-07,50,NIFTY,45300.0,1.12,2472260.0,0.79,True,True,True,True,True,False,False,True,True,-10550.0,2458800.0,2022-07-05,1,35650,18916550,18916550,1.0,0.0,True,False,False,2766150.0,10550.0
4840,2022-07-05 14:55:00+05:30,1.15,1.15,1.1,1.1,41850,2458800,47.86,-20.0,NIFTY2270716600CE,CE,16600.0,2022-07-07,50,NIFTY,47020.0,1.12,2471520.0,0.89,True,False,True,False,True,False,False,False,False,0.0,2458800.0,2022-07-05,1,41850,18958400,18958400,1.0,0.0,True,False,False,2766150.0,0.0
4841,2022-07-05 14:56:00+05:30,1.1,1.15,1.1,1.15,27500,2458800,53.94,20.0,NIFTY2270716600CE,CE,16600.0,2022-07-07,50,NIFTY,45242.5,1.12,2470967.5,0.61,True,False,False,True,True,False,False,True,True,0.0,2458800.0,2022-07-05,1,27500,18985900,18985900,1.0,0.0,True,False,False,2766150.0,0.0
4842,2022-07-05 14:57:00+05:30,1.15,1.2,1.1,1.15,153950,2455000,53.94,0.0,NIFTY2270716600CE,CE,16600.0,2022-07-07,50,NIFTY,49197.5,1.12,2470225.0,3.13,True,True,True,True,True,False,False,False,False,-3800.0,2455000.0,2022-07-05,1,153950,19139850,19139850,1.0,0.0,True,False,False,2823250.0,3800.0
4843,2022-07-05 14:58:00+05:30,1.15,1.2,1.1,1.1,85600,2455000,47.51,-20.0,NIFTY2270716600CE,CE,16600.0,2022-07-07,50,NIFTY,50615.0,1.12,2469482.5,1.69,True,False,True,False,True,False,False,False,False,0.0,2455000.0,2022-07-05,1,85600,19225450,19225450,1.0,0.0,True,False,False,2823250.0,0.0
4844,2022-07-05 14:59:00+05:30,1.15,1.2,1.1,1.15,100750,2455000,53.48,20.0,NIFTY2270716600CE,CE,16600.0,2022-07-07,50,NIFTY,53042.5,1.121,2466317.5,1.9,True,False,True,True,True,False,False,True,False,0.0,2455000.0,2022-07-05,1,100750,19326200,19326200,1.0,0.0,True,False,False,2823250.0,0.0
4845,2022-07-05 15:00:00+05:30,1.15,1.2,1.15,1.2,43650,2497150,58.56,33.33333333333338,NIFTY2270716600CE,CE,16600.0,2022-07-07,50,NIFTY,53740.0,1.122,2465260.0,0.81,False,False,True,True,True,False,False,True,True,42150.0,2497150.0,2022-07-05,1,43650,19369850,19369850,1.0,0.0,True,False,False,2934151.2499999995,42150.0
4846,2022-07-05 15:01:00+05:30,1.2,1.25,1.15,1.15,220350,2497150,52.4,14.285714285714269,NIFTY2270716600CE,CE,16600.0,2022-07-07,50,NIFTY,62755.0,1.123,2464202.5,3.51,False,False,True,True,True,False,False,False,False,0.0,2497150.0,2022-07-05,1,220350,19590200,19590200,1.0,0.0,True,False,False,2996580.0,0.0
4847,2022-07-05 15:02:00+05:30,1.15,1.2,1.15,1.2,114850,2497150,57.24,14.28571428571432,NIFTY2270716600CE,CE,16600.0,2022-07-07,50,NIFTY,61520.0,1.124,2466470.0,1.87,False,False,False,True,True,False,False,True,True,0.0,2497150.0,2022-07-05,1,114850,19705050,19705050,1.0,0.0,True,False,False,2934151.2499999995,0.0
4848,2022-07-05 15:03:00+05:30,1.25,1.3,1.2,1.3,216050,2507150,64.93,50.000000000000036,NIFTY2270716600CE,CE,16600.0,2022-07-07,50,NIFTY,70062.5,1.128,2469237.5,3.08,False,False,True,True,True,False,True,True,True,10000.0,2507150.0,2022-07-05,1,216050,19921100,19921100,1.0,0.0,True,False,False,3133937.5,10000.0
4849,2022-07-05 15:04:00+05:30,1.3,1.3,1.2,1.25,67100,2507150,59.2,25.00000000000003,NIFTY2270716600CE,CE,16600.0,2022-07-07,50,NIFTY,69360.0,1.131,2472005.0,0.97,False,False,False,True,True,False,False,False,False,0.0,2507150.0,2022-07-05,1,67100,19988200,19988200,1.0,0.0,True,False,False,3133937.5,0.0
4850,2022-07-05 15:05:00+05:30,1.25,1.3,1.25,1.3,73550,2507150,62.74,33.333333333333364,NIFTY2270716600CE,CE,16600.0,2022-07-07,50,NIFTY,69340.0,1.135,2474765.0,1.06,False,False,False,True,True,False,False,True,True,0.0,2507150.0,2022-07-05,1,73550,20061750,20061750,1.0,0.0,True,False,False,3196616.25,0.0
4851,2022-07-05 15:06:00+05:30,1.3,1.3,1.25,1.3,44250,2528550,62.74,49.99999999999997,NIFTY2270716600CE,CE,16600.0,2022-07-07,50,NIFTY,70560.0,1.138,2478595.0,0.63,False,False,True,True,True,False,False,False,False,21400.0,2528550.0,2022-07-05,1,44250,20106000,20106000,1.0,0.0,True,False,False,3223901.25,21400.0
4852,2022-07-05 15:07:00+05:30,1.3,1.3,1.25,1.25,83050,2528550,57.0,25.0,NIFTY2270716600CE,CE,16600.0,2022-07-07,50,NIFTY,73042.5,1.14,2482425.0,1.14,False,False,True,True,True,False,False,False,False,0.0,2528550.0,2022-07-05,1,83050,20189050,20189050,1.0,0.0,True,False,False,3223901.25,0.0
4853,2022-07-05 15:08:00+05:30,1.25,1.3,1.25,1.25,62450,2528550,57.0,14.285714285714285,NIFTY2270716600CE,CE,16600.0,2022-07-07,50,NIFTY,73740.0,1.143,2485035.0,0.85,False,False,True,True,True,False,False,False,False,0.0,2528550.0,2022-07-05,1,62450,20251500,20251500,1.0,0.0,True,False,False,3223901.25,0.0
4854,2022-07-05 15:09:00+05:30,1.25,1.3,1.25,1.3,51950,2535800,61.12,42.857142857142854,NIFTY2270716600CE,CE,16600.0,2022-07-07,50,NIFTY,75625.0,1.147,2488007.5,0.69,False,False,True,True,True,False,False,True,True,7250.0,2535800.0,2022-07-05,1,51950,20303450,20303450,1.0,0.0,True,False,False,3233145.0,7250.0
4855,2022-07-05 15:10:00+05:30,1.25,1.3,1.25,1.3,38550,2535800,61.12,33.33333333333333,NIFTY2270716600CE,CE,16600.0,2022-07-07,50,NIFTY,76600.0,1.1520000000000001,2490980.0,0.5,False,False,True,True,True,False,False,False,True,0.0,2535800.0,2022-07-05,1,38550,20342000,20342000,1.0,0.0,True,False,False,3233145.0,0.0
4856,2022-07-05 15:11:00+05:30,1.3,1.3,1.2,1.2,86750,2535800,50.0,-33.33333333333333,NIFTY2270716600CE,CE,16600.0,2022-07-07,50,NIFTY,80107.5,1.154,2494302.5,1.08,False,False,True,True,True,False,False,False,False,0.0,2535800.0,2022-07-05,1,86750,20428750,20428750,1.0,0.0,True,False,False,3169750.0,0.0
4857,2022-07-05 15:12:00+05:30,1.2,1.25,1.2,1.25,65100,2553800,54.46,0.0,NIFTY2270716600CE,CE,16600.0,2022-07-07,50,NIFTY,82175.0,1.157,2498525.0,0.79,False,False,True,True,True,False,False,True,True,18000.0,2553800.0,2022-07-05,1,65100,20493850,20493850,1.0,0.0,True,False,False,3128405.0,18000.0
4858,2022-07-05 15:13:00+05:30,1.2,1.25,1.2,1.25,46000,2553800,54.46,-20.0,NIFTY2270716600CE,CE,16600.0,2022-07-07,50,NIFTY,82947.5,1.16,2502747.5,0.55,False,False,True,True,True,False,False,False,True,0.0,2553800.0,2022-07-05,1,46000,20539850,20539850,1.0,0.0,True,False,False,3128405.0,0.0
4859,2022-07-05 15:14:00+05:30,1.2,1.25,1.2,1.25,92550,2553800,54.46,-20.0,NIFTY2270716600CE,CE,16600.0,2022-07-07,50,NIFTY,85792.5,1.162,2507497.5,1.08,False,False,True,True,True,False,False,False,True,0.0,2553800.0,2022-07-05,1,92550,20632400,20632400,1.0,0.0,True,False,False,3128405.0,0.0
4860,2022-07-05 15:15:00+05:30,1.25,1.25,1.2,1.2,109950,2464400,49.0,-20.0,NIFTY2270716600CE,CE,16600.0,2022-07-07,50,NIFTY,89197.5,1.163,2507777.5,1.23,True,True,True,True,True,False,False,False,False,-89400.0,2464400.0,2022-07-05,1,109950,20742350,20742350,1.0,0.0,True,False,False,3018890.0,89400.0
4861,2022-07-05 15:16:00+05:30,1.25,1.25,1.15,1.15,77500,2464400,44.23,-33.33333333333333,NIFTY2270716600CE,CE,16600.0,2022-07-07,50,NIFTY,91697.5,1.162,2508057.5,0.85,True,False,True,False,True,False,False,False,False,0.0,2464400.0,2022-07-05,1,77500,20819850,20819850,1.0,0.0,True,False,False,2957280.0,0.0
4862,2022-07-05 15:17:00+05:30,1.15,1.2,1.1,1.15,72900,2464400,44.23,-60.0,NIFTY2270716600CE,CE,16600.0,2022-07-07,50,NIFTY,87645.0,1.162,2508527.5,0.83,True,False,False,False,True,False,False,False,False,0.0,2464400.0,2022-07-05,1,72900,20892750,20892750,1.0,0.0,True,False,False,2834060.0,0.0
4863,2022-07-05 15:18:00+05:30,1.1,1.15,1.1,1.15,92400,2423450,44.23,-60.0,NIFTY2270716600CE,CE,16600.0,2022-07-07,50,NIFTY,87985.0,1.161,2506950.0,1.05,True,True,True,False,True,False,False,False,True,-40950.0,2423450.0,2022-07-05,1,92400,20985150,20985150,1.0,0.0,True,False,False,2726381.25,40950.0
4864,2022-07-05 15:19:00+05:30,1.1,1.15,1.1,1.1,105450,2423450,39.43,-49.99999999999994,NIFTY2270716600CE,CE,16600.0,2022-07-07,50,NIFTY,88220.0,1.16,2505372.5,1.2,True,False,True,False,True,False,False,False,False,0.0,2423450.0,2022-07-05,1,105450,21090600,21090600,1.0,0.0,True,False,False,2726381.25,0.0
4865,2022-07-05 15:20:00+05:30,1.05,1.15,1.05,1.15,40250,2423450,45.77,-50.000000000000114,NIFTY2270716600CE,CE,16600.0,2022-07-07,50,NIFTY,88050.0,1.161,2501687.5,0.46,True,False,False,False,True,False,False,True,True,0.0,2423450.0,2022-07-05,1,40250,21130850,21130850,1.0,0.0,True,False,False,2665795.0,0.0
4866,2022-07-05 15:21:00+05:30,1.15,1.15,1.1,1.15,46800,2408700,45.77,-50.000000000000114,NIFTY2270716600CE,CE,16600.0,2022-07-07,50,NIFTY,79372.5,1.161,2497265.0,0.59,True,True,False,False,True,False,False,False,False,-14750.0,2408700.0,2022-07-05,1,46800,21177650,21177650,1.0,0.0,True,False,False,2709787.5,14750.0
4867,2022-07-05 15:22:00+05:30,1.15,1.15,1.1,1.1,40200,2408700,40.81,-60.00000000000008,NIFTY2270716600CE,CE,16600.0,2022-07-07,50,NIFTY,75640.0,1.16,2492842.5,0.53,True,False,False,False,True,False,False,False,False,0.0,2408700.0,2022-07-05,1,40200,21217850,21217850,1.0,0.0,True,False,False,2709787.5,0.0
4868,2022-07-05 15:23:00+05:30,1.1,1.15,1.05,1.05,70100,2408700,36.55,-60.00000000000008,NIFTY2270716600CE,CE,16600.0,2022-07-07,50,NIFTY,68342.5,1.159,2487920.0,1.03,True,False,False,False,True,False,False,False,False,0.0,2408700.0,2022-07-05,1,70100,21287950,21287950,1.0,0.0,True,False,False,2649570.0,0.0
4869,2022-07-05 15:24:00+05:30,1.05,1.1,1.05,1.05,52700,2385700,36.55,-50.00000000000006,NIFTY2270716600CE,CE,16600.0,2022-07-07,50,NIFTY,67622.5,1.157,2481847.5,0.78,True,True,False,False,True,False,False,False,False,-23000.0,2385700.0,2022-07-05,1,52700,21340650,21340650,1.0,0.0,True,False,False,2564627.5000000005,23000.0
4870,2022-07-05 15:25:00+05:30,1.05,1.15,1.05,1.15,83600,2385700,48.92,0.0,NIFTY2270716600CE,CE,16600.0,2022-07-07,50,NIFTY,68125.0,1.157,2475775.0,1.23,True,False,True,False,True,False,False,True,True,0.0,2385700.0,2022-07-05,1,83600,21424250,21424250,1.0,0.0,True,False,False,2624270.0,0.0
4871,2022-07-05 15:26:00+05:30,1.15,1.15,1.1,1.15,53050,2385700,48.92,0.0,NIFTY2270716600CE,CE,16600.0,2022-07-07,50,NIFTY,68565.0,1.1569999999999998,2468632.5,0.77,True,False,True,False,True,False,False,False,False,0.0,2385700.0,2022-07-05,1,53050,21477300,21477300,1.0,0.0,True,False,False,2683912.5,0.0
4872,2022-07-05 15:27:00+05:30,1.15,1.15,1.1,1.15,28700,2362350,48.92,19.999999999999964,NIFTY2270716600CE,CE,16600.0,2022-07-07,50,NIFTY,65847.5,1.157,2460322.5,0.44,True,True,False,False,True,False,False,False,False,-23350.0,2362350.0,2022-07-05,1,28700,21506000,21506000,1.0,0.0,True,False,False,2657643.75,23350.0
4873,2022-07-05 15:28:00+05:30,1.15,1.2,1.1,1.15,103250,2362350,48.92,0.0,NIFTY2270716600CE,CE,16600.0,2022-07-07,50,NIFTY,67887.5,1.158,2452012.5,1.52,True,False,True,False,True,False,False,False,False,0.0,2362350.0,2022-07-05,1,103250,21609250,21609250,1.0,0.0,True,False,False,2716702.5,0.0
4874,2022-07-05 15:29:00+05:30,1.1,1.25,1.1,1.1,71950,2362350,43.25,-19.999999999999964,NIFTY2270716600CE,CE,16600.0,2022-07-07,50,NIFTY,68887.5,1.159,2443340.0,1.04,True,False,True,False,True,False,False,False,False,0.0,2362350.0,2022-07-05,1,71950,21681200,21681200,1.0,0.0,True,False,False,2775761.25,0.0
4875,2022-07-05 15:30:00+05:30,1.1,1.1,1.1,1.1,450,2362350,43.25,0.0,NIFTY2270716600CE,CE,16600.0,2022-07-07,50,NIFTY,66982.5,1.159,2434667.5,0.01,True,False,False,False,True,False,False,False,False,0.0,2362350.0,2022-07-05,1,450,21681650,21681650,1.0,0.0,True,False,False,2598585.0,0.0
