,date,open,high,low,close,volume,oi,rsi,CMO,tradingsymbol,instrument_type,strike,expiry,lot_size,name,Volume_20_sma,close 50 sma,OI_20_sma,Volume x times,OI_below_20_sma,OI_trend,volume_trend,price>50sma,volume_qualify,rsi_signal,CMO_signal,rsi_trend,greencandle,OI_change,OI_change_cum,new_date,typical price,v*p,cum v*p,cum v,vwap,price_minus_vwap,price_vs_vwap,price_away_vwap,qualify,OI_Value,OI_change_abs
1500,2022-06-27 09:15:00+05:30,216.0,240.6,209.0,217.35,564400,799450,84.76,87.59305210918114,NIFTY22JUN15750CE,CE,15750.0,2022-06-30,50,NIFTY,277402.5,129.34599999999998,1252975.0,2.03,True,True,True,True,True,False,True,True,True,-157700.0,794950.0,2022-06-27,222,125296800,125296800,564400,222.0,0.0,False,False,False,179716360.0,157700.0
1501,2022-06-27 09:18:00+05:30,219.0,220.85,208.1,214.4,165050,783600,82.66,81.74603174603176,NIFTY22JUN15750CE,CE,15750.0,2022-06-30,50,NIFTY,265957.5,131.107,1215932.5,0.62,True,True,False,True,True,False,True,False,False,-15850.0,779100.0,2022-06-27,214,35320700,160617500,729450,220.19,-6.19,False,False,False,168062610.0,15850.0
1502,2022-06-27 09:21:00+05:30,214.6,226.15,213.75,221.15,148300,743650,83.66,82.05753291077525,NIFTY22JUN15750CE,CE,15750.0,2022-06-30,50,NIFTY,257337.5,132.899,1180575.0,0.58,True,True,False,True,True,False,True,True,True,-39950.0,739150.0,2022-06-27,220,32626000,193243500,877750,220.16,-0.16,True,True,False,163565817.5,39950.0
1503,2022-06-27 09:24:00+05:30,220.6,247.5,219.65,245.0,162800,679050,86.59,91.03504482477588,NIFTY22JUN15750CE,CE,15750.0,2022-06-30,50,NIFTY,249947.5,135.265,1141432.5,0.65,True,True,False,True,True,False,True,True,True,-64600.0,674550.0,2022-06-27,237,38583600,231827100,1040550,222.79,14.21,True,True,False,158609103.75,64600.0
1504,2022-06-27 09:27:00+05:30,244.6,253.1,236.2,236.5,109450,636400,81.01,80.72474942174249,NIFTY22JUN15750CE,CE,15750.0,2022-06-30,50,NIFTY,241762.5,137.434,1101647.5,0.45,True,True,False,True,True,False,True,False,False,-42650.0,631900.0,2022-06-27,241,26377450,258204550,1150000,224.53,16.47,True,True,False,155695260.0,42650.0
1505,2022-06-27 09:30:00+05:30,237.5,243.25,225.5,243.2,93500,633950,82.0,81.41954663693794,NIFTY22JUN15750CE,CE,15750.0,2022-06-30,50,NIFTY,237732.5,139.82399999999998,1064190.0,0.39,True,True,False,True,True,False,True,True,True,-2450.0,629450.0,2022-06-27,237,22159500,280364050,1243500,225.46,11.54,True,False,False,148582031.25,2450.0
1506,2022-06-27 09:33:00+05:30,242.0,246.5,239.0,239.15,63400,623550,79.32,77.46274082151949,NIFTY22JUN15750CE,CE,15750.0,2022-06-30,50,NIFTY,235700.0,142.215,1026127.5,0.27,True,True,False,True,True,False,True,False,False,-10400.0,619050.0,2022-06-27,241,15279400,295643450,1306900,226.22,14.78,True,True,False,151366762.5,10400.0
1507,2022-06-27 09:36:00+05:30,238.0,250.95,236.45,240.3,63150,609100,79.52,77.2643931059773,NIFTY22JUN15750CE,CE,15750.0,2022-06-30,50,NIFTY,233730.0,144.666,987752.5,0.27,True,True,False,True,True,False,True,True,True,-14450.0,604600.0,2022-06-27,242,15282300,310925750,1370050,226.94,15.06,True,True,False,148437670.0,14450.0
1508,2022-06-27 09:39:00+05:30,240.3,242.7,225.45,236.7,42400,604300,76.96,33.622936576889664,NIFTY22JUN15750CE,CE,15750.0,2022-06-30,50,NIFTY,226265.0,147.06,950342.5,0.19,True,True,False,True,True,False,False,False,False,-4800.0,599800.0,2022-06-27,234,9921600,320847350,1412450,227.16,6.84,True,False,False,141451522.5,4800.0
1509,2022-06-27 09:42:00+05:30,236.0,244.05,231.75,238.8,66000,600700,77.42,43.03350970017637,NIFTY22JUN15750CE,CE,15750.0,2022-06-30,50,NIFTY,220427.5,149.452,913260.0,0.3,True,True,False,True,True,False,False,True,True,-3600.0,596200.0,2022-06-27,238,15708000,336555350,1478450,227.64,10.36,True,True,False,142906530.0,3600.0
1510,2022-06-27 09:45:00+05:30,238.8,239.4,225.6,234.35,32500,601050,74.06,24.264705882352906,NIFTY22JUN15750CE,CE,15750.0,2022-06-30,50,NIFTY,199205.0,151.65699999999998,877812.5,0.16,True,False,False,True,True,False,False,False,False,350.0,596550.0,2022-06-27,233,7572500,344127850,1510950,227.76,5.24,True,False,False,139744125.0,350.0
1511,2022-06-27 09:48:00+05:30,235.15,236.15,221.75,221.75,34300,596150,65.41,-53.8818076477404,NIFTY22JUN15750CE,CE,15750.0,2022-06-30,50,NIFTY,185582.5,153.66899999999998,844207.5,0.18,True,True,False,True,True,False,False,False,False,-4900.0,591650.0,2022-06-27,226,7751800,351879650,1545250,227.72,-1.72,False,False,False,136488542.5,4900.0
1512,2022-06-27 09:51:00+05:30,223.25,230.75,221.5,223.55,30950,597200,66.02,-35.528120713305825,NIFTY22JUN15750CE,CE,15750.0,2022-06-30,50,NIFTY,177415.0,155.707,811547.5,0.17,True,False,False,True,True,False,False,True,True,1050.0,592700.0,2022-06-27,225,6963750,358843400,1576200,227.66,-2.66,False,False,False,135041850.0,1050.0
1513,2022-06-27 09:54:00+05:30,223.55,232.6,217.0,222.7,36950,594550,65.44,-66.99346405228741,NIFTY22JUN15750CE,CE,15750.0,2022-06-30,50,NIFTY,168162.5,157.755,780655.0,0.22,True,True,False,True,True,False,False,False,False,-2650.0,590050.0,2022-06-27,224,8276800,367120200,1613150,227.58,-3.58,False,False,False,133654840.0,2650.0
1514,2022-06-27 09:57:00+05:30,221.9,226.95,213.65,217.55,36250,592900,61.85,-68.13880126182947,NIFTY22JUN15750CE,CE,15750.0,2022-06-30,50,NIFTY,154862.5,159.94899999999998,750002.5,0.23,True,True,False,True,True,False,False,False,False,-1650.0,588400.0,2022-06-27,219,7938750,375058950,1649400,227.39,-8.39,False,False,False,130615870.0,1650.0
1515,2022-06-27 10:00:00+05:30,217.1,229.0,216.0,224.65,33550,586750,64.72,-41.567065073041114,NIFTY22JUN15750CE,CE,15750.0,2022-06-30,50,NIFTY,137345.0,162.139,721447.5,0.24,True,True,False,True,True,False,False,True,True,-6150.0,582250.0,2022-06-27,223,7481650,382540600,1682950,227.3,-4.3,False,True,False,130551875.0,6150.0
1516,2022-06-27 10:03:00+05:30,224.85,231.75,220.55,225.0,21950,579650,64.86,-34.01162790697668,NIFTY22JUN15750CE,CE,15750.0,2022-06-30,50,NIFTY,124657.5,164.088,694070.0,0.18,True,True,False,True,True,False,False,True,True,-7100.0,575150.0,2022-06-27,225,4938750,387479350,1704900,227.27,-2.27,False,True,False,131087847.5,7100.0
1517,2022-06-27 10:06:00+05:30,226.45,230.0,223.55,224.7,11400,579400,64.62,-43.251533742331326,NIFTY22JUN15750CE,CE,15750.0,2022-06-30,50,NIFTY,114715.0,166.162,670275.0,0.1,True,True,False,True,True,False,False,False,False,-250.0,574900.0,2022-06-27,226,2576400,390055750,1716300,227.27,-1.27,False,True,False,131393435.0,250.0
1518,2022-06-27 10:09:00+05:30,224.7,225.0,217.4,220.35,19750,579400,61.13,-43.07692307692308,NIFTY22JUN15750CE,CE,15750.0,2022-06-30,50,NIFTY,104475.0,168.169,648897.5,0.19,True,False,False,True,True,False,False,False,False,0.0,574900.0,2022-06-27,220,4345000,394400750,1736050,227.18,-7.18,False,False,False,128163280.0,0.0
1519,2022-06-27 10:12:00+05:30,220.35,221.7,211.75,212.35,24950,578350,55.21,-33.69175627240145,NIFTY22JUN15750CE,CE,15750.0,2022-06-30,50,NIFTY,88050.0,169.90099999999998,629957.5,0.28,True,True,False,True,True,False,False,False,False,-1050.0,573850.0,2022-06-27,215,5364250,399765000,1761000,227.01,-12.01,False,False,False,125342903.75,1050.0
1520,2022-06-27 10:15:00+05:30,212.9,218.5,207.9,215.45,40150,584050,56.95,-27.73972602739735,NIFTY22JUN15750CE,CE,15750.0,2022-06-30,50,NIFTY,61837.5,171.66299999999998,619187.5,0.65,True,False,False,True,True,False,False,True,True,5700.0,579550.0,2022-06-27,213,8551950,408316950,1801150,226.7,-13.7,False,False,False,124519460.0,5700.0
1521,2022-06-27 10:18:00+05:30,215.45,215.9,212.3,215.25,20650,581150,56.8,-26.09457092819615,NIFTY22JUN15750CE,CE,15750.0,2022-06-30,50,NIFTY,54617.5,173.571,609065.0,0.38,True,True,False,True,True,False,False,False,False,-2900.0,576650.0,2022-06-27,214,4419100,412736050,1821800,226.55,-12.55,False,True,False,124424215.00000001,2900.0
1522,2022-06-27 10:21:00+05:30,214.65,225.0,214.65,219.75,29650,583050,59.44,7.885304659498174,NIFTY22JUN15750CE,CE,15750.0,2022-06-30,50,NIFTY,48685.0,175.225,601035.0,0.61,True,False,False,True,True,False,False,True,True,1900.0,578550.0,2022-06-27,219,6493350,419229400,1851450,226.43,-7.43,False,True,False,128168966.25,1900.0
1523,2022-06-27 10:24:00+05:30,219.75,229.8,219.75,222.6,27650,577900,61.07,-8.668076109936631,NIFTY22JUN15750CE,CE,15750.0,2022-06-30,50,NIFTY,41927.5,176.829,595977.5,0.66,True,True,False,True,True,False,False,True,True,-5150.0,573400.0,2022-06-27,224,6193600,425423000,1879100,226.4,-2.4,False,True,False,129897472.5,5150.0
1524,2022-06-27 10:27:00+05:30,222.6,228.1,219.1,227.4,16800,579850,63.7,8.540925266903937,NIFTY22JUN15750CE,CE,15750.0,2022-06-30,50,NIFTY,37295.0,178.653,593150.0,0.45,True,False,False,True,True,False,False,True,True,1950.0,575350.0,2022-06-27,224,3763200,429186200,1895900,226.38,-2.38,True,True,False,129654460.0,1950.0
1525,2022-06-27 10:30:00+05:30,226.75,228.15,220.7,221.8,18150,579050,58.71,-8.68263473053886,NIFTY22JUN15750CE,CE,15750.0,2022-06-30,50,NIFTY,33527.5,180.433,590405.0,0.54,True,True,False,True,True,False,False,False,False,-800.0,574550.0,2022-06-27,223,4047450,433233650,1914050,226.34,-3.34,False,False,False,129953296.25,800.0
1526,2022-06-27 10:33:00+05:30,221.5,225.3,220.8,223.5,10800,578850,59.74,10.243902439024419,NIFTY22JUN15750CE,CE,15750.0,2022-06-30,50,NIFTY,30897.5,182.303,588170.0,0.35,True,True,False,True,True,False,False,True,True,-200.0,574350.0,2022-06-27,223,2408400,435642050,1924850,226.33,-3.33,False,True,False,129112492.5,200.0
1527,2022-06-27 10:36:00+05:30,223.65,228.7,219.2,222.85,14900,578500,59.13,44.87179487179492,NIFTY22JUN15750CE,CE,15750.0,2022-06-30,50,NIFTY,28485.0,184.09599999999998,586640.0,0.52,True,True,False,True,True,False,False,False,False,-350.0,574000.0,2022-06-27,223,3322700,438964750,1939750,226.3,-3.3,False,True,False,129555075.0,350.0
1528,2022-06-27 10:39:00+05:30,222.85,225.0,220.0,224.0,9400,575550,59.91,39.86013986013994,NIFTY22JUN15750CE,CE,15750.0,2022-06-30,50,NIFTY,26835.0,185.95899999999997,585202.5,0.35,True,True,False,True,True,False,False,True,True,-2950.0,571050.0,2022-06-27,223,2096200,441060950,1949150,226.28,-3.28,False,True,False,128059875.0,2950.0
1529,2022-06-27 10:42:00+05:30,224.9,229.15,216.4,216.4,24250,573850,52.76,3.986135181975757,NIFTY22JUN15750CE,CE,15750.0,2022-06-30,50,NIFTY,24747.5,187.483,583860.0,0.98,True,True,False,True,True,False,False,False,False,-1700.0,569350.0,2022-06-27,220,5335000,446395950,1973400,226.21,-6.21,False,False,False,127839433.75,1700.0
1530,2022-06-27 10:45:00+05:30,217.45,219.15,210.0,210.0,27750,575500,47.61,-31.70731707317073,NIFTY22JUN15750CE,CE,15750.0,2022-06-30,50,NIFTY,24510.0,188.98899999999998,582582.5,1.13,True,False,False,True,True,False,False,False,False,1650.0,571000.0,2022-06-27,213,5910750,452306700,2001150,226.02,-13.02,False,False,False,123487912.5,1650.0
1531,2022-06-27 10:48:00+05:30,210.55,211.95,197.5,203.0,83550,570500,42.69,-56.16045845272204,NIFTY22JUN15750CE,CE,15750.0,2022-06-30,50,NIFTY,26972.5,190.636,581300.0,3.1,True,True,True,True,True,False,False,False,False,-5000.0,566000.0,2022-06-27,204,17044200,469350900,2084700,225.14,-21.14,False,False,False,116795612.5,5000.0
1532,2022-06-27 10:51:00+05:30,202.7,210.0,201.2,206.95,32000,572550,46.08,-60.058737151248245,NIFTY22JUN15750CE,CE,15750.0,2022-06-30,50,NIFTY,27025.0,192.215,580067.5,1.18,True,False,True,True,True,False,False,True,True,2050.0,568050.0,2022-06-27,206,6592000,475942900,2116700,224.85,-18.85,False,True,False,117716280.0,2050.0
1533,2022-06-27 10:54:00+05:30,206.95,211.95,203.65,210.0,26550,573250,48.6,-37.46031746031749,NIFTY22JUN15750CE,CE,15750.0,2022-06-30,50,NIFTY,26505.0,193.78799999999998,579002.5,1.0,True,False,False,True,True,False,False,True,True,700.0,568750.0,2022-06-27,208,5522400,481465300,2143250,224.64,-16.64,False,True,False,119121350.0,700.0
1534,2022-06-27 10:57:00+05:30,210.0,210.0,202.0,205.95,28200,567950,45.55,-51.8463810930576,NIFTY22JUN15750CE,CE,15750.0,2022-06-30,50,NIFTY,26102.5,195.25100000000003,577755.0,1.08,True,True,False,True,True,False,False,False,False,-5300.0,563450.0,2022-06-27,205,5781000,487246300,2171450,224.39,-19.39,False,False,False,116997700.0,5300.0
1535,2022-06-27 11:00:00+05:30,205.95,208.65,198.75,200.0,31350,568950,41.44,-58.36526181353765,NIFTY22JUN15750CE,CE,15750.0,2022-06-30,50,NIFTY,25992.5,196.68300000000002,576865.0,1.21,True,False,False,True,True,False,False,False,False,1000.0,564450.0,2022-06-27,202,6332700,493579000,2202800,224.07,-22.07,False,False,False,115895115.0,1000.0
1536,2022-06-27 11:03:00+05:30,199.0,207.55,199.0,204.95,29400,564100,45.82,-44.3538998835856,NIFTY22JUN15750CE,CE,15750.0,2022-06-30,50,NIFTY,26365.0,198.222,576087.5,1.12,True,True,True,True,True,False,False,True,True,-4850.0,559600.0,2022-06-27,203,5968200,499547200,2232200,223.79,-20.79,False,True,False,114667427.5,4850.0
1537,2022-06-27 11:06:00+05:30,204.6,211.05,204.35,208.4,31600,558900,48.7,-20.618556701030922,NIFTY22JUN15750CE,CE,15750.0,2022-06-30,50,NIFTY,27375.0,199.83599999999998,575062.5,1.15,True,True,True,True,True,False,False,True,True,-5200.0,554400.0,2022-06-27,207,6541200,506088400,2263800,223.56,-16.56,False,True,False,116083530.0,5200.0
1538,2022-06-27 11:09:00+05:30,209.35,218.65,208.9,213.35,43700,555050,52.59,8.969210174029438,NIFTY22JUN15750CE,CE,15750.0,2022-06-30,50,NIFTY,28572.5,201.61700000000002,573845.0,1.53,True,True,True,True,True,False,False,True,True,-3850.0,550550.0,2022-06-27,213,9308100,515396500,2307500,223.36,-10.36,False,True,False,118655813.75,3850.0
1539,2022-06-27 11:12:00+05:30,213.35,214.8,209.3,210.45,20100,553850,50.19,22.406015037593953,NIFTY22JUN15750CE,CE,15750.0,2022-06-30,50,NIFTY,28330.0,203.25900000000001,572620.0,0.71,True,True,False,True,True,False,False,False,False,-1200.0,549350.0,2022-06-27,211,4241100,519637600,2327600,223.25,-12.25,False,False,False,117443892.5,1200.0
1540,2022-06-27 11:15:00+05:30,210.45,212.5,202.45,202.45,26100,553050,44.19,-12.06434316353887,NIFTY22JUN15750CE,CE,15750.0,2022-06-30,50,NIFTY,27627.5,204.75799999999998,571070.0,0.94,True,True,False,False,True,False,False,False,False,-800.0,548550.0,2022-06-27,205,5350500,524988100,2353700,223.05,-18.05,False,False,False,114744048.75,800.0
1541,2022-06-27 11:18:00+05:30,202.5,209.1,201.7,207.0,17100,552250,48.0,-7.731958762886595,NIFTY22JUN15750CE,CE,15750.0,2022-06-30,50,NIFTY,27450.0,206.308,569625.0,0.62,True,True,False,True,True,False,False,True,True,-800.0,547750.0,2022-06-27,205,3505500,528493600,2370800,222.92,-17.92,False,True,False,113432149.99999999,800.0
1542,2022-06-27 11:21:00+05:30,207.0,210.7,204.35,206.45,17650,550950,47.58,1.4164305949008493,NIFTY22JUN15750CE,CE,15750.0,2022-06-30,50,NIFTY,26850.0,207.855,568020.0,0.66,True,True,False,False,True,False,False,False,False,-1300.0,546450.0,2022-06-27,207,3653550,532147150,2388450,222.8,-15.8,False,True,False,114335898.74999999,1300.0
1543,2022-06-27 11:24:00+05:30,206.45,209.15,202.7,207.6,18400,553100,48.59,24.918032786885206,NIFTY22JUN15750CE,CE,15750.0,2022-06-30,50,NIFTY,26387.5,209.36700000000002,566780.0,0.7,True,False,False,False,True,False,False,True,True,2150.0,548600.0,2022-06-27,206,3790400,535937550,2406850,222.67,-16.67,False,False,False,113897117.5,2150.0
1544,2022-06-27 11:27:00+05:30,207.6,212.0,205.95,211.5,16700,551500,52.0,22.24108658743634,NIFTY22JUN15750CE,CE,15750.0,2022-06-30,50,NIFTY,26382.5,210.857,565362.5,0.63,True,True,False,True,True,False,False,True,True,-1600.0,547000.0,2022-06-27,209,3490300,539427850,2423550,222.58,-13.58,False,True,False,115249712.5,1600.0
1545,2022-06-27 11:30:00+05:30,211.25,216.9,208.45,211.25,20350,550150,51.76,10.857142857142824,NIFTY22JUN15750CE,CE,15750.0,2022-06-30,50,NIFTY,26492.5,212.41600000000003,563917.5,0.77,True,True,True,False,True,False,False,False,False,-1350.0,545650.0,2022-06-27,212,4314200,543742050,2443900,222.49,-10.49,False,True,False,117003151.25,1350.0
1546,2022-06-27 11:33:00+05:30,211.25,211.9,203.85,206.2,16950,553150,47.1,-27.13472485768498,NIFTY22JUN15750CE,CE,15750.0,2022-06-30,50,NIFTY,26800.0,213.90399999999997,562632.5,0.63,True,False,True,False,True,False,False,False,False,3000.0,548650.0,2022-06-27,207,3508650,547250700,2460850,222.38,-15.38,False,False,False,114986056.25,3000.0
1547,2022-06-27 11:36:00+05:30,207.15,208.1,194.4,196.8,70500,551150,39.89,-41.55251141552502,NIFTY22JUN15750CE,CE,15750.0,2022-06-30,50,NIFTY,29580.0,215.167,561265.0,2.38,True,True,True,False,True,False,False,False,False,-2000.0,546650.0,2022-06-27,199,14029500,561280200,2531350,221.73,-22.73,False,False,False,110918937.5,2000.0
1548,2022-06-27 11:39:00+05:30,196.8,197.2,188.55,195.2,72550,552150,38.8,-27.410207939508457,NIFTY22JUN15750CE,CE,15750.0,2022-06-30,50,NIFTY,32737.5,216.41899999999998,560095.0,2.22,True,False,True,False,True,False,False,False,False,1000.0,547650.0,2022-06-27,193,14002150,575282350,2603900,220.93,-27.93,False,False,False,106495931.25,1000.0
1549,2022-06-27 11:42:00+05:30,195.2,196.5,188.6,190.65,57250,541450,35.81,-61.81474480151222,NIFTY22JUN15750CE,CE,15750.0,2022-06-30,50,NIFTY,34387.5,217.53300000000002,558475.0,1.66,True,True,True,False,True,False,False,False,False,-10700.0,536950.0,2022-06-27,191,10934750,586217100,2661150,220.29,-29.29,False,False,False,104256197.5,10700.0
1550,2022-06-27 11:45:00+05:30,189.9,193.55,184.3,192.1,58300,535350,37.46,-52.46800731261425,NIFTY22JUN15750CE,CE,15750.0,2022-06-30,50,NIFTY,35915.0,217.028,556467.5,1.62,True,True,True,False,True,False,False,True,True,-6100.0,530850.0,2022-06-27,189,11018700,597235800,2719450,219.62,-30.62,False,False,False,101140998.75,6100.0
1551,2022-06-27 11:48:00+05:30,192.0,194.4,187.0,191.4,56050,543500,36.97,-60.223048327137555,NIFTY22JUN15750CE,CE,15750.0,2022-06-30,50,NIFTY,34540.0,216.56800000000004,555117.5,1.62,True,False,False,False,True,False,False,False,False,8150.0,539000.0,2022-06-27,190,10649500,607885300,2775500,219.02,-29.02,False,True,False,103645450.0,8150.0
1552,2022-06-27 11:51:00+05:30,191.4,195.25,188.4,188.4,30250,543250,34.84,-88.84615384615392,NIFTY22JUN15750CE,CE,15750.0,2022-06-30,50,NIFTY,34452.5,215.91299999999998,553652.5,0.88,True,True,False,False,True,False,False,False,False,-250.0,538750.0,2022-06-27,190,5747500,613632800,2805750,218.71,-28.71,False,True,False,104208931.25,250.0
1553,2022-06-27 11:54:00+05:30,188.35,190.2,185.0,188.95,54350,550050,35.57,-84.79087452471502,NIFTY22JUN15750CE,CE,15750.0,2022-06-30,50,NIFTY,35842.5,214.79199999999997,552492.5,1.52,True,False,True,False,True,False,False,True,True,6800.0,545550.0,2022-06-27,188,10217800,623850600,2860100,218.12,-30.12,False,False,False,103189380.0,6800.0
1554,2022-06-27 11:57:00+05:30,188.95,192.3,185.75,189.75,24100,548950,36.69,-74.60317460317471,NIFTY22JUN15750CE,CE,15750.0,2022-06-30,50,NIFTY,35637.5,213.85699999999997,551542.5,0.68,True,True,False,False,True,False,False,True,True,-1100.0,544450.0,2022-06-27,189,4554900,628405500,2884200,217.88,-28.88,False,True,False,103765273.75,1100.0
1555,2022-06-27 12:00:00+05:30,189.6,193.25,187.0,193.25,28500,549450,41.46,-21.981424148606912,NIFTY22JUN15750CE,CE,15750.0,2022-06-30,50,NIFTY,35495.0,212.858,550567.5,0.8,True,False,False,False,True,False,False,True,True,500.0,544950.0,2022-06-27,191,5443500,633849000,2912700,217.62,-26.62,False,True,False,104464181.25,500.0
1556,2022-06-27 12:03:00+05:30,193.0,195.2,186.6,187.35,31300,552150,36.47,-38.386308068459705,NIFTY22JUN15750CE,CE,15750.0,2022-06-30,50,NIFTY,35590.0,211.822,549970.0,0.88,False,False,True,False,True,False,False,False,False,2700.0,547650.0,2022-06-27,189,5915700,639764700,2944000,217.31,-28.31,False,False,False,105405434.99999999,2700.0
1557,2022-06-27 12:06:00+05:30,188.0,197.95,187.4,193.1,34950,549550,43.59,11.316397228637372,NIFTY22JUN15750CE,CE,15750.0,2022-06-30,50,NIFTY,35757.5,210.878,549502.5,0.98,False,True,True,False,True,False,False,True,True,-2600.0,545050.0,2022-06-27,192,6710400,646475100,2978950,217.01,-25.01,False,True,False,105884546.25,2600.0
1558,2022-06-27 12:09:00+05:30,193.1,197.25,191.6,192.8,29700,547400,43.32,3.4146341463415513,NIFTY22JUN15750CE,CE,15750.0,2022-06-30,50,NIFTY,35057.5,210.0,549120.0,0.85,True,True,False,False,True,False,False,False,False,-2150.0,542900.0,2022-06-27,193,5732100,652207200,3008650,216.78,-23.78,False,True,False,106428245.0,2150.0
1559,2022-06-27 12:12:00+05:30,192.75,193.6,188.0,188.0,24450,550650,39.1,-13.82113821138214,NIFTY22JUN15750CE,CE,15750.0,2022-06-30,50,NIFTY,35275.0,208.98399999999998,548960.0,0.69,False,False,True,False,True,False,False,False,False,3250.0,546150.0,2022-06-27,189,4621050,656828250,3033100,216.55,-27.55,False,False,False,105064020.0,3250.0
1560,2022-06-27 12:15:00+05:30,188.4,192.45,186.5,187.4,23250,551800,38.6,-4.504504504504507,NIFTY22JUN15750CE,CE,15750.0,2022-06-30,50,NIFTY,35132.5,208.045,548897.5,0.66,False,False,False,False,True,False,False,False,False,1150.0,547300.0,2022-06-27,188,4371000,661199250,3056350,216.34,-28.34,False,False,False,104552305.0,1150.0
1561,2022-06-27 12:18:00+05:30,187.4,192.0,187.4,188.5,16450,551050,40.13,-1.978021978021928,NIFTY22JUN15750CE,CE,15750.0,2022-06-30,50,NIFTY,35100.0,207.38,548837.5,0.47,False,True,False,False,True,False,False,True,True,-750.0,546550.0,2022-06-27,189,3109050,664308300,3072800,216.19,-27.19,False,True,False,104534185.0,750.0
1562,2022-06-27 12:21:00+05:30,188.5,196.85,186.8,196.35,27450,546650,49.74,22.147651006711403,NIFTY22JUN15750CE,CE,15750.0,2022-06-30,50,NIFTY,35590.0,206.83599999999998,548622.5,0.77,True,True,True,False,True,False,False,True,True,-4400.0,542150.0,2022-06-27,193,5297850,669606150,3100250,215.98,-22.98,False,True,False,104861136.25,4400.0
1563,2022-06-27 12:24:00+05:30,196.9,200.45,194.65,196.2,49050,543700,49.58,11.153119092627561,NIFTY22JUN15750CE,CE,15750.0,2022-06-30,50,NIFTY,37122.5,206.30599999999998,548152.5,1.32,True,True,True,False,True,False,False,False,False,-2950.0,539200.0,2022-06-27,197,9662850,679269000,3149300,215.69,-18.69,False,True,False,107407935.0,2950.0
1564,2022-06-27 12:27:00+05:30,196.4,197.0,190.9,195.05,19900,543200,48.27,35.48387096774208,NIFTY22JUN15750CE,CE,15750.0,2022-06-30,50,NIFTY,37282.5,205.856,547737.5,0.53,True,True,True,False,True,False,False,False,False,-500.0,538700.0,2022-06-27,194,3860600,683129600,3169200,215.55,-21.55,False,False,False,105353640.0,500.0
1565,2022-06-27 12:30:00+05:30,195.05,212.25,190.85,205.2,83200,537650,58.67,46.360153256705075,NIFTY22JUN15750CE,CE,15750.0,2022-06-30,50,NIFTY,40425.0,205.467,547112.5,2.06,True,True,True,False,True,False,False,True,True,-5550.0,533150.0,2022-06-27,202,16806400,699936000,3252400,215.21,-13.21,False,True,False,108363357.5,5550.0
1566,2022-06-27 12:33:00+05:30,205.6,216.65,204.75,215.0,65150,535300,65.82,62.35955056179778,NIFTY22JUN15750CE,CE,15750.0,2022-06-30,50,NIFTY,42835.0,205.267,546220.0,1.52,True,True,True,True,True,False,True,True,True,-2350.0,530800.0,2022-06-27,212,13811800,713747800,3317550,215.14,-3.14,False,True,False,112787710.0,2350.0
1567,2022-06-27 12:36:00+05:30,214.95,219.0,211.0,215.9,50750,534650,66.39,88.01261829653009,NIFTY22JUN15750CE,CE,15750.0,2022-06-30,50,NIFTY,41847.5,205.09099999999998,545395.0,1.21,True,True,False,True,True,False,True,True,True,-650.0,530150.0,2022-06-27,215,10911250,724659050,3368300,215.14,-0.14,True,True,False,114949750.0,650.0
1568,2022-06-27 12:39:00+05:30,216.4,217.5,209.4,210.0,39500,533700,59.35,61.08108108108111,NIFTY22JUN15750CE,CE,15750.0,2022-06-30,50,NIFTY,40195.0,204.884,544472.5,0.98,True,True,False,True,True,False,True,False,False,-950.0,529200.0,2022-06-27,212,8374000,733033050,3407800,215.1,-3.1,False,False,False,113918265.0,950.0
1569,2022-06-27 12:42:00+05:30,210.0,216.8,207.05,216.0,32100,535650,63.58,65.63245823389025,NIFTY22JUN15750CE,CE,15750.0,2022-06-30,50,NIFTY,38937.5,204.957,544182.5,0.82,True,False,False,True,True,False,True,True,True,1950.0,531150.0,2022-06-27,213,6837300,739870350,3439900,215.08,-2.08,True,True,False,113517626.25,1950.0
1570,2022-06-27 12:45:00+05:30,217.5,219.6,214.55,214.55,44800,534250,61.9,51.2676056338029,NIFTY22JUN15750CE,CE,15750.0,2022-06-30,50,NIFTY,38262.5,204.93900000000002,544127.5,1.17,True,True,False,True,True,False,True,False,False,-1400.0,529750.0,2022-06-27,216,9676800,749547150,3484700,215.1,0.9,False,True,False,115972318.75,1400.0
1571,2022-06-27 12:48:00+05:30,214.2,217.65,208.0,214.9,50600,533150,62.16,52.380952380952486,NIFTY22JUN15750CE,CE,15750.0,2022-06-30,50,NIFTY,37990.0,204.93200000000002,543610.0,1.33,True,True,False,True,True,False,True,True,True,-1100.0,528650.0,2022-06-27,213,10777800,760324950,3535300,215.07,-2.07,False,False,False,113467648.75,1100.0
1572,2022-06-27 12:51:00+05:30,215.05,217.6,210.0,215.8,20500,533150,62.86,58.53314527503528,NIFTY22JUN15750CE,CE,15750.0,2022-06-30,50,NIFTY,37502.5,204.85299999999998,543105.0,0.55,True,False,False,True,True,False,True,True,True,0.0,528650.0,2022-06-27,214,4387000,764711950,3555800,215.06,-1.06,True,True,False,113987470.0,0.0
1573,2022-06-27 12:54:00+05:30,215.8,227.9,214.05,226.85,68050,534600,70.17,59.55983493810181,NIFTY22JUN15750CE,CE,15750.0,2022-06-30,50,NIFTY,38187.5,204.938,542332.5,1.78,True,False,True,True,True,False,True,True,True,1450.0,530100.0,2022-06-27,222,15107100,779819050,3623850,215.19,6.81,True,True,False,118133235.00000001,1450.0
1574,2022-06-27 12:57:00+05:30,226.9,228.0,219.8,221.35,42650,532700,63.48,19.81279251170046,NIFTY22JUN15750CE,CE,15750.0,2022-06-30,50,NIFTY,39115.0,204.817,541520.0,1.09,True,True,True,True,True,False,False,False,False,-1900.0,528200.0,2022-06-27,223,9510950,789330000,3666500,215.28,7.72,True,True,False,119271530.0,1900.0
1575,2022-06-27 13:00:00+05:30,221.35,228.3,219.5,223.65,42650,532700,64.98,23.16890881913304,NIFTY22JUN15750CE,CE,15750.0,2022-06-30,50,NIFTY,39822.5,204.854,540682.5,1.07,True,False,True,True,True,False,False,True,True,0.0,528200.0,2022-06-27,223,9510950,798840950,3709150,215.37,7.63,True,False,False,119271530.0,0.0
1576,2022-06-27 13:03:00+05:30,223.65,227.8,222.0,226.0,24000,524350,66.5,53.51170568561877,NIFTY22JUN15750CE,CE,15750.0,2022-06-30,50,NIFTY,39457.5,204.90400000000002,539292.5,0.61,True,True,False,True,True,False,True,True,True,-8350.0,519850.0,2022-06-27,225,5400000,804240950,3733150,215.43,9.57,True,True,False,117926315.0,8350.0
1577,2022-06-27 13:06:00+05:30,225.1,235.0,225.1,234.45,68250,519950,71.31,57.03245749613603,NIFTY22JUN15750CE,CE,15750.0,2022-06-30,50,NIFTY,41122.5,205.13600000000002,537812.5,1.66,True,True,True,True,True,False,True,True,True,-4400.0,515450.0,2022-06-27,231,15765750,820006700,3801400,215.71,15.29,True,True,False,119614497.5,4400.0
1578,2022-06-27 13:09:00+05:30,235.5,237.2,224.15,224.45,72400,518950,60.27,24.205378973105095,NIFTY22JUN15750CE,CE,15750.0,2022-06-30,50,NIFTY,43257.5,205.145,536390.0,1.67,True,True,True,True,True,False,False,False,False,-1000.0,514450.0,2022-06-27,228,16507200,836513900,3873800,215.94,12.06,True,False,False,119708791.25,1000.0
1579,2022-06-27 13:12:00+05:30,225.35,228.5,220.25,221.25,60750,518950,57.22,14.51428571428571,NIFTY22JUN15750CE,CE,15750.0,2022-06-30,50,NIFTY,45072.5,205.24200000000002,534805.0,1.35,True,False,True,True,True,False,False,False,False,0.0,514450.0,2022-06-27,223,13547250,850061150,3934550,216.05,6.95,True,False,False,116439406.25,0.0
1580,2022-06-27 13:15:00+05:30,220.95,228.05,218.35,227.55,31950,517800,61.37,23.906408952187196,NIFTY22JUN15750CE,CE,15750.0,2022-06-30,50,NIFTY,45507.5,205.59300000000002,533105.0,0.7,True,True,True,True,True,False,False,True,True,-1150.0,513300.0,2022-06-27,224,7156800,857217950,3966500,216.11,7.89,True,True,False,115572960.0,1150.0
1581,2022-06-27 13:18:00+05:30,227.55,231.35,224.5,229.4,23550,515400,62.52,6.382978723404285,NIFTY22JUN15750CE,CE,15750.0,2022-06-30,50,NIFTY,45862.5,206.121,531322.5,0.51,True,True,True,True,True,False,False,True,True,-2400.0,510900.0,2022-06-27,228,5369400,862587350,3990050,216.18,11.82,True,True,False,117472545.0,2400.0
1582,2022-06-27 13:21:00+05:30,229.4,232.3,223.55,230.4,28050,512450,63.16,25.52891396332867,NIFTY22JUN15750CE,CE,15750.0,2022-06-30,50,NIFTY,45892.5,206.59,529612.5,0.61,True,True,True,True,True,False,False,True,True,-2950.0,507950.0,2022-06-27,228,6395400,868982750,4018100,216.27,11.73,True,False,False,116800166.25,2950.0
1583,2022-06-27 13:24:00+05:30,230.4,232.2,227.75,229.45,16550,507000,62.07,17.008797653958897,NIFTY22JUN15750CE,CE,15750.0,2022-06-30,50,NIFTY,44267.5,206.979,527777.5,0.37,True,True,False,True,True,False,False,False,False,-5450.0,502500.0,2022-06-27,229,3789950,872772700,4034650,216.32,12.68,True,True,False,116597325.0,5450.0
1584,2022-06-27 13:27:00+05:30,229.45,236.75,226.6,232.3,66300,512700,64.06,18.208092485549155,NIFTY22JUN15750CE,CE,15750.0,2022-06-30,50,NIFTY,46587.5,207.50599999999997,526252.5,1.42,True,False,True,True,True,False,False,True,True,5700.0,508200.0,2022-06-27,231,15315300,888088000,4100950,216.56,14.44,True,True,False,118779772.5,5700.0
1585,2022-06-27 13:30:00+05:30,232.3,239.85,225.5,232.0,45850,518400,63.68,-9.262759924385575,NIFTY22JUN15750CE,CE,15750.0,2022-06-30,50,NIFTY,44720.0,208.146,525290.0,1.03,True,False,False,True,True,False,False,False,False,5700.0,513900.0,2022-06-27,232,10637200,898725200,4146800,216.73,15.27,True,True,False,120618720.0,5700.0
1586,2022-06-27 13:33:00+05:30,232.0,232.2,213.95,223.3,99050,515650,53.77,-4.572564612325947,NIFTY22JUN15750CE,CE,15750.0,2022-06-30,50,NIFTY,46415.0,208.513,524307.5,2.13,True,True,True,True,True,False,False,False,False,-2750.0,511150.0,2022-06-27,223,22088150,920813350,4245850,216.87,6.13,True,False,False,115028623.75,2750.0
1587,2022-06-27 13:36:00+05:30,224.4,225.0,220.0,221.1,18350,514500,51.58,-0.6211180124223822,NIFTY22JUN15750CE,CE,15750.0,2022-06-30,50,NIFTY,44795.0,208.767,523300.0,0.41,True,True,False,True,True,False,False,False,False,-1150.0,510000.0,2022-06-27,222,4073700,924887050,4264200,216.9,5.1,True,False,False,114476250.0,1150.0
1588,2022-06-27 13:39:00+05:30,221.1,222.05,212.35,222.0,25100,514750,52.43,-29.59999999999997,NIFTY22JUN15750CE,CE,15750.0,2022-06-30,50,NIFTY,44075.0,208.94,522352.5,0.57,True,False,False,True,True,False,False,True,True,250.0,510250.0,2022-06-27,218,5471800,930358850,4289300,216.9,1.1,True,False,False,111803700.0,250.0
1589,2022-06-27 13:42:00+05:30,223.25,227.6,219.8,226.95,18200,508850,56.92,-11.212814645308976,NIFTY22JUN15750CE,CE,15750.0,2022-06-30,50,NIFTY,43380.0,209.27,521012.5,0.42,True,True,False,True,True,False,False,True,True,-5900.0,504350.0,2022-06-27,224,4076800,934435650,4307500,216.93,7.07,True,True,False,113829745.0,5900.0
1590,2022-06-27 13:45:00+05:30,226.95,231.2,224.8,224.85,23700,507150,54.57,-24.183006535947715,NIFTY22JUN15750CE,CE,15750.0,2022-06-30,50,NIFTY,42325.0,209.71800000000002,519657.5,0.56,True,True,False,True,True,False,False,False,False,-1700.0,502650.0,2022-06-27,226,5356200,939791850,4331200,216.98,9.02,True,True,False,115630200.0,1700.0
1591,2022-06-27 13:48:00+05:30,224.55,226.0,219.55,222.25,29000,506000,51.72,-29.268292682926756,NIFTY22JUN15750CE,CE,15750.0,2022-06-30,50,NIFTY,41245.0,210.02300000000002,518300.0,0.7,True,True,False,True,True,False,False,False,False,-1150.0,501500.0,2022-06-27,222,6438000,946229850,4360200,217.02,4.98,True,False,False,112724150.0,1150.0
1592,2022-06-27 13:51:00+05:30,222.25,225.7,214.3,216.35,28250,509750,45.86,-57.68535262206154,NIFTY22JUN15750CE,CE,15750.0,2022-06-30,50,NIFTY,41632.5,210.22099999999998,517130.0,0.68,True,False,True,True,True,False,False,False,False,3750.0,505250.0,2022-06-27,218,6158500,952388350,4388450,217.02,0.98,False,False,False,112145000.0,3750.0
1593,2022-06-27 13:54:00+05:30,216.35,221.0,212.95,215.35,24050,511450,44.93,-58.73015873015876,NIFTY22JUN15750CE,CE,15750.0,2022-06-30,50,NIFTY,39432.5,210.37599999999998,515972.5,0.61,True,False,False,True,True,False,False,False,False,1700.0,506950.0,2022-06-27,216,5194800,957583150,4412500,217.02,-1.02,False,False,False,110971863.75,1700.0
1594,2022-06-27 13:57:00+05:30,215.35,224.95,214.1,219.15,18300,509900,49.15,-17.69722814498935,NIFTY22JUN15750CE,CE,15750.0,2022-06-30,50,NIFTY,38215.0,210.52899999999997,514832.5,0.48,True,True,False,True,True,False,False,True,True,-1550.0,505400.0,2022-06-27,219,4007700,961590850,4430800,217.02,1.98,True,True,False,111935797.49999999,1550.0
1595,2022-06-27 14:00:00+05:30,219.15,226.35,219.15,226.35,9550,507150,56.02,18.45342706502637,NIFTY22JUN15750CE,CE,15750.0,2022-06-30,50,NIFTY,36560.0,210.831,513555.0,0.26,True,True,False,True,True,False,False,True,True,-2750.0,502650.0,2022-06-27,223,2129650,963720500,4440350,217.04,5.96,True,True,False,112967662.5,2750.0
1596,2022-06-27 14:03:00+05:30,227.4,228.85,217.2,228.15,20550,505700,57.56,20.95400340715505,NIFTY22JUN15750CE,CE,15750.0,2022-06-30,50,NIFTY,36387.5,211.27,512622.5,0.56,True,True,False,True,True,False,False,True,True,-1450.0,501200.0,2022-06-27,224,4603200,968323700,4460900,217.07,6.93,True,True,False,112783742.49999999,1450.0
1597,2022-06-27 14:06:00+05:30,227.65,231.15,204.85,212.95,49600,505200,43.63,-35.35353535353533,NIFTY22JUN15750CE,CE,15750.0,2022-06-30,50,NIFTY,35455.0,211.593,511885.0,1.4,True,True,False,True,True,False,False,False,False,-500.0,500700.0,2022-06-27,216,10713600,979037300,4510500,217.06,-1.06,False,False,False,110133600.0,500.0
1598,2022-06-27 14:09:00+05:30,212.85,212.85,202.05,210.75,36050,507550,42.05,-35.516372795969744,NIFTY22JUN15750CE,CE,15750.0,2022-06-30,50,NIFTY,33637.5,211.90400000000002,511315.0,1.07,True,False,False,False,True,False,False,False,False,2350.0,503050.0,2022-06-27,208,7498400,986535700,4546550,216.99,-8.99,False,False,False,105291247.5,2350.0
1599,2022-06-27 14:12:00+05:30,210.25,212.4,206.45,210.0,18150,502700,41.49,-32.36459709379126,NIFTY22JUN15750CE,CE,15750.0,2022-06-30,50,NIFTY,31507.5,212.291,510502.5,0.58,True,True,False,False,True,False,False,False,False,-4850.0,498200.0,2022-06-27,209,3793350,990329050,4564700,216.95,-7.95,False,True,False,105277947.5,4850.0
1600,2022-06-27 14:15:00+05:30,210.0,215.15,195.3,202.15,71150,504900,36.13,-35.67839195979896,NIFTY22JUN15750CE,CE,15750.0,2022-06-30,50,NIFTY,33467.5,212.49200000000002,509857.5,2.13,True,False,True,False,True,False,False,False,False,2200.0,500400.0,2022-06-27,204,14514600,1004843650,4635850,216.75,-12.75,False,False,False,103618102.50000001,2200.0
1601,2022-06-27 14:18:00+05:30,202.3,205.0,197.7,204.75,33250,497250,38.95,-25.6038647342995,NIFTY22JUN15750CE,CE,15750.0,2022-06-30,50,NIFTY,33952.5,212.759,508950.0,0.98,True,True,True,False,True,False,False,True,True,-7650.0,492750.0,2022-06-27,202,6716500,1011560150,4669100,216.65,-14.65,False,False,False,100121287.5,7650.0
1602,2022-06-27 14:21:00+05:30,205.3,205.3,188.85,191.75,59050,495950,31.48,-54.15019762845852,NIFTY22JUN15750CE,CE,15750.0,2022-06-30,50,NIFTY,35502.5,212.826,508125.0,1.66,True,True,True,False,True,False,False,False,False,-1300.0,491450.0,2022-06-27,195,11514750,1023074900,4728150,216.38,-21.38,False,False,False,97739346.25,1300.0
1603,2022-06-27 14:24:00+05:30,191.55,192.5,184.05,192.45,79400,493250,32.23,-76.87074829931974,NIFTY22JUN15750CE,CE,15750.0,2022-06-30,50,NIFTY,38645.0,212.89600000000002,507437.5,2.05,True,True,True,False,True,False,False,True,True,-2700.0,488750.0,2022-06-27,189,15006600,1038081500,4807550,215.93,-26.93,False,False,False,92866643.75,2700.0
1604,2022-06-27 14:27:00+05:30,192.9,201.05,188.75,201.05,51350,502400,40.84,-53.24165029469546,NIFTY22JUN15750CE,CE,15750.0,2022-06-30,50,NIFTY,37897.5,213.122,506922.5,1.35,True,False,False,False,True,False,False,True,True,9150.0,497900.0,2022-06-27,196,10064600,1048146100,4858900,215.72,-19.72,False,True,False,97917760.0,9150.0
1605,2022-06-27 14:30:00+05:30,199.35,201.1,194.0,199.6,42500,501100,39.92,-35.93539703903094,NIFTY22JUN15750CE,CE,15750.0,2022-06-30,50,NIFTY,37730.0,213.24900000000002,506057.5,1.13,True,True,False,False,True,False,False,False,True,-1300.0,496600.0,2022-06-27,198,8415000,1056561100,4901400,215.56,-17.56,False,True,False,98992305.0,1300.0
1606,2022-06-27 14:33:00+05:30,199.6,207.4,189.6,190.8,73250,500850,34.79,-45.59999999999997,NIFTY22JUN15750CE,CE,15750.0,2022-06-30,50,NIFTY,36440.0,213.31799999999998,505317.5,2.01,True,True,False,False,True,False,False,False,False,-250.0,496350.0,2022-06-27,195,14283750,1070844850,4974650,215.26,-20.26,False,False,False,99418725.0,250.0
1607,2022-06-27 14:36:00+05:30,189.55,193.6,185.0,187.5,42150,495750,33.08,-48.596112311015105,NIFTY22JUN15750CE,CE,15750.0,2022-06-30,50,NIFTY,37630.0,213.206,504380.0,1.12,True,True,True,False,True,False,False,False,False,-5100.0,491250.0,2022-06-27,188,7924200,1078769050,5016800,215.03,-27.03,False,False,False,93845475.0,5100.0
1608,2022-06-27 14:39:00+05:30,187.2,189.85,179.6,189.85,79100,495200,35.52,-30.14705882352943,NIFTY22JUN15750CE,CE,15750.0,2022-06-30,50,NIFTY,40330.0,213.14700000000002,503402.5,1.96,True,True,True,False,True,False,False,True,True,-550.0,490700.0,2022-06-27,186,14712600,1093481650,5095900,214.58,-28.58,False,False,False,91475820.0,550.0
1609,2022-06-27 14:42:00+05:30,190.0,194.45,180.4,182.15,44600,494500,31.47,-49.237472766884515,NIFTY22JUN15750CE,CE,15750.0,2022-06-30,50,NIFTY,41650.0,213.03,502685.0,1.07,True,True,True,False,True,False,False,False,False,-700.0,490000.0,2022-06-27,185,8251000,1101732650,5140500,214.32,-29.32,False,False,False,92681662.5,700.0
1610,2022-06-27 14:45:00+05:30,181.0,189.4,175.5,185.55,73050,497100,34.99,-17.0798898071625,NIFTY22JUN15750CE,CE,15750.0,2022-06-30,50,NIFTY,44117.5,212.993,502182.5,1.66,True,False,True,False,True,False,False,True,True,2600.0,492600.0,2022-06-27,183,13368150,1115100800,5213550,213.89,-30.89,False,False,False,90695895.0,2600.0
1611,2022-06-27 14:48:00+05:30,184.85,193.0,183.8,191.85,31200,499350,41.04,-1.4319809069212273,NIFTY22JUN15750CE,CE,15750.0,2022-06-30,50,NIFTY,44227.5,213.06,501850.0,0.71,True,False,True,False,True,False,False,True,True,2250.0,494850.0,2022-06-27,189,5896800,1120997600,5244750,213.74,-24.74,False,True,False,94077540.0,2250.0
1612,2022-06-27 14:51:00+05:30,192.0,194.85,188.45,188.8,59200,494850,39.14,-33.700137551581875,NIFTY22JUN15750CE,CE,15750.0,2022-06-30,50,NIFTY,45775.0,212.90900000000002,501105.0,1.29,True,True,True,False,True,False,False,False,False,-4500.0,490350.0,2022-06-27,190,11248000,1132245600,5303950,213.47,-23.47,False,True,False,94838002.49999999,4500.0
1613,2022-06-27 14:54:00+05:30,188.25,189.0,181.9,186.65,50200,502150,37.81,-34.95276653171391,NIFTY22JUN15750CE,CE,15750.0,2022-06-30,50,NIFTY,47082.5,212.718,500640.0,1.07,False,False,True,False,True,False,False,False,False,7300.0,497650.0,2022-06-27,185,9287000,1141532600,5354150,213.21,-28.21,False,False,False,93123717.5,7300.0
1614,2022-06-27 14:57:00+05:30,186.6,195.8,186.6,193.7,48600,508700,44.46,8.215297450424876,NIFTY22JUN15750CE,CE,15750.0,2022-06-30,50,NIFTY,48597.5,212.69100000000003,500580.0,1.0,False,False,True,False,True,False,False,True,True,6550.0,504200.0,2022-06-27,192,9331200,1150863800,5402750,213.01,-21.01,False,True,False,97263440.0,6550.0
1615,2022-06-27 15:00:00+05:30,192.5,193.7,168.9,175.3,88400,500400,34.19,-24.206349206349223,NIFTY22JUN15750CE,CE,15750.0,2022-06-30,50,NIFTY,52540.0,212.093,500242.5,1.68,False,True,True,False,True,False,False,False,False,-8300.0,495900.0,2022-06-27,179,15823600,1166687400,5491150,212.47,-33.47,False,False,False,90722520.0,8300.0
1616,2022-06-27 15:03:00+05:30,175.25,176.45,164.5,169.0,73100,509650,31.5,-38.36246550137998,NIFTY22JUN15750CE,CE,15750.0,2022-06-30,50,NIFTY,55167.5,211.173,500440.0,1.33,False,False,True,False,True,False,False,False,False,9250.0,505150.0,2022-06-27,169,12353900,1179041300,5564250,211.9,-42.9,False,False,False,86882583.75,9250.0
1617,2022-06-27 15:06:00+05:30,169.0,174.3,166.55,173.95,69850,513250,35.77,-15.891472868217107,NIFTY22JUN15750CE,CE,15750.0,2022-06-30,50,NIFTY,56180.0,210.334,500842.5,1.24,False,False,True,False,True,False,False,True,True,3600.0,508750.0,2022-06-27,171,11944350,1190985650,5634100,211.39,-40.39,False,True,False,87470631.25,3600.0
1618,2022-06-27 15:09:00+05:30,173.75,174.4,166.0,173.1,55200,507300,35.36,-25.382262996941968,NIFTY22JUN15750CE,CE,15750.0,2022-06-30,50,NIFTY,57137.5,209.59600000000003,500830.0,0.97,False,True,True,False,True,False,False,False,False,-5950.0,502800.0,2022-06-27,171,9439200,1200424850,5689300,211.0,-40.0,False,True,False,86342460.0,5950.0
1619,2022-06-27 15:12:00+05:30,173.55,177.05,172.05,175.45,63900,501700,37.48,-36.363636363636424,NIFTY22JUN15750CE,CE,15750.0,2022-06-30,50,NIFTY,59425.0,208.785,500780.0,1.08,False,True,True,False,True,False,False,True,True,-5600.0,497200.0,2022-06-27,174,11118600,1211543450,5753200,210.59,-36.59,False,True,False,87571735.0,5600.0
1620,2022-06-27 15:15:00+05:30,175.7,177.35,172.25,177.25,49850,483600,39.13,-26.339794754846114,NIFTY22JUN15750CE,CE,15750.0,2022-06-30,50,NIFTY,58360.0,208.039,499715.0,0.85,True,True,False,False,True,False,False,True,True,-18100.0,479100.0,2022-06-27,175,8723750,1220267200,5803050,210.28,-35.28,False,True,False,84533280.0,18100.0
1621,2022-06-27 15:18:00+05:30,176.95,180.15,171.5,171.65,65000,475900,35.96,-31.71247357293872,NIFTY22JUN15750CE,CE,15750.0,2022-06-30,50,NIFTY,59947.5,207.17399999999998,498647.5,1.08,True,True,True,False,True,False,False,False,False,-7700.0,471400.0,2022-06-27,174,11310000,1231577200,5868050,209.88,-35.88,False,False,False,83675117.5,7700.0
1622,2022-06-27 15:21:00+05:30,171.85,176.25,171.75,175.65,34900,477150,39.72,-40.790960451977384,NIFTY22JUN15750CE,CE,15750.0,2022-06-30,50,NIFTY,58740.0,206.371,497707.5,0.59,True,False,False,False,True,False,False,True,True,1250.0,472650.0,2022-06-27,174,6072600,1237649800,5902950,209.67,-35.67,False,True,False,83024100.0,1250.0
1623,2022-06-27 15:24:00+05:30,175.65,177.4,173.4,174.0,69500,469350,38.71,-4.727272727272769,NIFTY22JUN15750CE,CE,15750.0,2022-06-30,50,NIFTY,58245.0,205.31400000000002,496512.5,1.19,True,True,False,False,True,False,False,False,False,-7800.0,464850.0,2022-06-27,174,12093000,1249742800,5972450,209.25,-35.25,False,True,False,82323990.0,7800.0
1624,2022-06-27 15:27:00+05:30,174.15,174.7,169.8,171.3,71250,470500,37.05,9.623430962343154,NIFTY22JUN15750CE,CE,15750.0,2022-06-30,50,NIFTY,59240.0,204.313,494917.5,1.2,True,False,True,False,True,False,False,False,False,1150.0,466000.0,2022-06-27,171,12183750,1261926550,6043700,208.8,-37.8,False,False,False,81043625.0,1150.0
1625,2022-06-27 15:30:00+05:30,171.3,171.3,171.3,171.3,150,470500,37.05,-13.984168865435246,NIFTY22JUN15750CE,CE,15750.0,2022-06-30,50,NIFTY,57122.5,203.266,493387.5,0.0,True,False,False,False,True,False,False,False,False,0.0,466000.0,2022-06-27,171,25650,1261952200,6043850,208.8,-37.8,False,False,False,80596650.0,0.0
